100

Na 0.081346 1.437501 -2.712249 
Na -4.797553 0.578921 -0.463532 
Na 2.016327 2.673755 -2.695240 
Na -2.218527 1.159414 4.780104 
Na 2.884158 3.894269 -5.280630 
Na -2.835426 2.259865 -1.832441 
Na -6.353302 3.814915 0.750411 
Na 5.926802 -0.259575 1.661603 
Na -5.012768 -5.176145 1.744096 
Na 1.684961 -5.768364 -1.904986 
Na 3.757692 -4.285082 -2.851622 
Na -1.090657 4.234669 5.718069 
Na 4.234749 2.559179 -1.673615 
Na 0.522795 -4.435472 -4.565393 
Na -6.670210 2.189078 -2.429977 
Na 2.608873 1.529209 6.005455 
Na -2.836828 -4.174789 -4.438686 
Na -1.008893 -2.510327 -6.381015 
Na 3.816916 1.307812 -4.286500 
Na 4.939736 4.387169 -3.435390 
Na 4.822575 -2.712969 -4.946462 
Na -0.924868 -6.281064 2.170361 
Na 4.184220 -5.859232 0.508331 
Na -2.764327 3.976989 3.105913 
Na 0.449173 1.416725 -0.006918 
Na 4.513783 -1.260700 4.780113 
Na 0.541436 -0.720036 -4.375686 
Na -4.301050 0.155852 -6.058091 
Na 0.171302 3.369392 -4.519075 
Na 4.229692 -2.833458 1.969658 
Na 3.964375 1.824188 2.328853 
Na 3.406325 -0.628345 -6.520219 
Na 0.649369 -2.974647 4.169231 
Na 5.768189 1.674748 0.963058 
Na 0.697655 -2.113597 0.069827 
Na -2.005525 -0.118880 -2.136819 
Na -5.213310 -5.064619 -0.515701 
Na -5.331903 -1.008925 -4.118692 
Na -0.199614 5.535831 2.115195 
Na -3.813958 1.510360 -4.234745 
Na -0.353327 5.105775 -0.739968 
Na 3.027981 3.943103 4.019296 
Na 0.584036 -3.756511 2.055127 
Na 4.397980 0.523228 -1.189601 
Na 2.501393 -1.018850 -3.711984 
Na -4.580424 -0.481189 3.669950 
Na 6.075176 -4.376472 0.366422 
Na 2.245126 -5.584174 4.283213 
Na -4.137655 2.915538 0.834605 
Na -4.970744 3.665380 -2.914501 
Cl -2.246891 -4.286164 3.265446 
Cl 1.129070 3.979131 5.876655 
Cl 2.193012 6.503858 -2.706488 
Cl -3.677913 -4.311098 4.892173 
Cl -2.328009 -1.183459 -4.359523 
Cl 2.325591 -0.031629 3.902146 
Cl -4.411284 -1.466757 -0.367230 
Cl -2.853621 6.577508 -0.977030 
Cl -3.141063 -2.914336 1.885437 
Cl 6.979188 -0.687117 -0.215224 
Cl -1.497843 -5.352802 -0.855842 
Cl -1.427469 1.202674 -7.163530 
Cl -1.295632 3.742288 -3.098871 
Cl 1.111779 -0.901155 5.809209 
Cl -3.089332 -0.377870 0.793245 
Cl -1.839987 -3.100972 5.738206 
Cl -1.507834 -0.283203 2.286536 
Cl -5.514116 -3.101798 2.686853 
Cl -1.087761 -5.156580 4.794587 
Cl -2.094522 2.090733 -5.491173 
Cl -3.880813 -5.549380 -2.820324 
Cl 6.699958 -2.393799 -1.679035 
Cl -0.857194 -0.854434 4.998818 
Cl -5.793416 -2.836192 0.109407 
Cl 2.832639 0.659829 -2.450214 
Cl -1.544699 -7.312445 0.353338 
Cl -2.118577 6.986638 1.247795 
Cl 3.882696 -2.398207 -1.852556 
Cl -3.181126 -4.747320 0.801443 
Cl 2.304076 0.634103 0.288081 
Cl -3.475399 1.807502 6.393832 
Cl -6.119648 -1.211762 2.065038 
Cl -3.945708 -3.837527 -1.485377 
Cl -5.973855 0.650222 2.780542 
Cl 4.914784 4.958449 2.441129 
Cl -4.418605 1.500135 4.649944 
Cl -3.405978 5.398029 0.881906 
Cl 6.839686 2.510619 -0.664905 
Cl -6.800462 -0.440821 -1.662992 
Cl 2.093281 4.565071 2.211989 
Cl 5.577447 0.278191 -4.296402 
Cl -4.366310 5.683852 -2.069418 
Cl 0.892153 -0.758388 2.326771 
Cl 3.251169 4.986839 -0.638134 
Cl -0.614366 7.217295 -1.577350 
Cl -0.524779 1.849358 6.594251 
Cl -1.055612 3.218571 1.458959 
Cl 6.473515 -2.837196 2.045948 
Cl 1.404320 -4.167438 -0.254703 
Cl 6.249638 1.142516 3.078659 
