91

Na 1.0 -2.440637 -4.330486 -11.571557 
Na 1.0 7.266444 11.817011 4.812430 
Na 1.0 15.085056 2.349008 8.798900 
Na 1.0 -11.766747 -2.004107 11.287128 
Na 1.0 -0.574698 -10.425451 9.114938 
Na 1.0 2.257017 13.237988 9.701339 
Na 1.0 4.881773 -9.235716 6.036454 
Na 1.0 -7.784302 16.030727 -0.146535 
Na 1.0 9.429344 -14.531843 -0.381390 
Na 1.0 -8.620230 -7.076555 -6.126009 
Na 1.0 17.395757 2.087733 0.177979 
Na 1.0 1.229172 8.015386 -15.436264 
Na 1.0 -0.220735 4.223898 -11.962501 
Na 1.0 10.466806 13.511565 0.672096 
Na 1.0 -8.058276 11.284605 -6.669515 
Na 1.0 12.177379 -5.196526 0.521787 
Na 1.0 6.179960 -6.603257 -13.513246 
Na 1.0 4.778912 2.435828 13.268621 
Na 1.0 3.593845 -12.936558 -6.363172 
Na 1.0 -7.476023 -9.031101 12.828662 
Na 1.0 10.551940 3.437058 13.008913 
Na 1.0 -6.982913 -9.784030 -2.555259 
Na 1.0 -11.714293 -4.483331 -5.269957 
Na 1.0 -0.289913 -1.782395 -14.741252 
Na 1.0 11.346914 -2.007069 10.142792 
Na 1.0 15.110970 -8.148006 -0.294520 
Na 1.0 -11.890815 -9.804112 -0.686510 
Na 1.0 5.814665 -15.260605 -3.760291 
Na 1.0 12.776099 4.733283 5.431843 
Na 1.0 -12.062049 -7.315258 -9.497649 
Na 1.0 11.501514 -7.433719 -7.101921 
Na 1.0 -13.203296 -8.369849 4.994761 
Na 1.0 7.150289 -9.101492 13.382890 
Na 1.0 -4.544078 -4.123081 12.326193 
Na 1.0 16.011726 -2.626895 -5.919804 
Na 1.0 8.305734 -3.611972 15.246729 
Na 1.0 -7.570401 -4.938895 8.550419 
Na 1.0 -10.010716 4.157694 8.269194 
Na 1.0 -6.170986 -15.157170 -2.069507 
Na 1.0 9.998037 -8.485597 8.151301 
Na 1.0 11.402073 10.556390 8.720507 
Na 1.0 -4.185641 10.956705 -11.899169 
Na 1.0 13.824327 11.383918 -1.682005 
Na 1.0 -0.809132 12.123876 -5.250900 
Na 1.0 -7.838898 -1.068990 -12.796498 
Na 1.0 11.553571 9.309338 -8.684112 
Na 1.0 5.324576 11.696731 -6.826743 
Na 1.0 -0.910681 8.471414 -11.787654 
Na 1.0 2.311222 3.660979 -17.075227 
Na 1.0 2.124374 -5.060327 -13.184082 
Na 1.0 -6.019870 14.615620 -7.635153 
Na 1.0 3.905719 0.827738 17.469161 
Na 1.0 5.541103 6.518222 -9.449841 
Na 1.0 -16.637607 -2.819094 -5.586414 
Na 1.0 10.061335 -9.473089 -1.751357 
Na 1.0 -11.896465 -1.437136 -12.010581 
Na 1.0 12.521701 -0.939866 6.072885 
Na 1.0 -11.777067 4.596512 12.403611 
Na 1.0 -6.949132 -11.738432 8.234519 
Na 1.0 -14.943393 8.950179 -4.240394 
Cl -1.0 -13.218829 -1.559781 -2.727768 
Cl -1.0 -7.038622 -5.683323 -12.241571 
Cl -1.0 -13.153729 7.612008 9.202561 
Cl -1.0 -11.384621 9.297343 -0.003236 
Cl -1.0 -6.287759 7.379824 -9.992236 
Cl -1.0 8.073320 -13.681588 5.092092 
Cl -1.0 1.572677 11.299439 -9.532880 
Cl -1.0 4.532578 3.009465 -12.063614 
Cl -1.0 3.060007 -12.902318 0.569189 
Cl -1.0 -8.611178 7.852777 6.144011 
Cl -1.0 -1.114437 16.063344 -7.799982 
Cl -1.0 -6.276951 -12.708331 -9.617886 
Cl -1.0 -2.895354 15.398920 0.621300 
Cl -1.0 3.578230 6.739236 13.751304 
Cl -1.0 14.071524 1.295612 -3.859336 
Cl -1.0 -3.999601 -9.454905 6.293171 
Cl -1.0 2.301719 11.375979 6.117717 
Cl -1.0 -2.560745 -2.439031 17.617373 
Cl -1.0 12.717824 -1.209274 -9.181227 
Cl -1.0 -11.630499 -13.498058 2.052055 
Cl -1.0 4.460494 -8.872413 -8.799186 
Cl -1.0 1.108307 16.026527 3.712108 
Cl -1.0 8.909219 8.696761 -2.938110 
Cl -1.0 -8.153429 12.401085 6.628934 
Cl -1.0 -1.818448 1.917651 17.579937 
Cl -1.0 -3.480327 3.252888 -14.250030 
Cl -1.0 -1.698513 -14.045049 -6.661576 
Cl -1.0 -5.601260 -10.514504 1.652412 
Cl -1.0 -4.633714 9.397065 10.427546 
Cl -1.0 5.354469 0.149141 -15.547980 
Cla -30.0 0.000000 0.000000 0.000000 
