91

Na 1.0 -1.314694 -4.875118 -9.838798 
Na 1.0 -6.424173 11.789703 7.001886 
Na 1.0 -15.549935 6.921526 2.388172 
Na 1.0 12.587842 12.686646 -5.372450 
Na 1.0 -2.245301 -1.814059 15.035037 
Na 1.0 -17.477223 2.887156 -1.074009 
Na 1.0 -1.337117 14.497947 -9.935139 
Na 1.0 8.052941 11.535854 9.673033 
Na 1.0 -10.982236 -9.874617 8.904202 
Na 1.0 7.443755 -9.093932 11.617132 
Na 1.0 -2.982839 -15.304464 11.198080 
Na 1.0 -16.011614 9.425469 -4.004828 
Na 1.0 -9.208297 -12.860012 -4.238741 
Na 1.0 3.411903 -13.954881 -9.427001 
Na 1.0 11.030051 -5.484890 -8.950492 
Na 1.0 -14.909209 -0.910714 0.714367 
Na 1.0 -16.766858 -1.468882 -5.962559 
Na 1.0 -6.476330 11.328347 -7.767437 
Na 1.0 14.146177 0.954608 -13.280838 
Na 1.0 13.725134 -2.347167 1.820063 
Na 1.0 5.014032 2.243624 -18.590651 
Na 1.0 4.885997 -10.463895 -2.491582 
Na 1.0 -9.797074 1.205337 12.909066 
Na 1.0 1.935489 -14.697994 -3.732536 
Na 1.0 -5.097675 13.173316 -5.125095 
Na 1.0 7.135803 -10.198257 -10.515779 
Na 1.0 15.428753 -2.581241 0.559726 
Na 1.0 -14.394717 -11.962590 4.809914 
Na 1.0 -2.797741 -0.837877 16.670578 
Na 1.0 3.253123 -10.926116 10.620394 
Cl -1.0 -14.751694 -6.492858 7.948853 
Cl -1.0 -13.986332 9.356546 7.003899 
Cl -1.0 1.826328 16.662995 -0.983754 
Cl -1.0 6.982907 4.883233 -10.701343 
Cl -1.0 15.769638 9.631539 2.305799 
Cl -1.0 4.218490 11.550422 -9.866272 
Cl -1.0 8.961203 -4.444371 -8.269440 
Cl -1.0 -4.120165 15.462571 5.937062 
Cl -1.0 4.137307 0.494304 9.705482 
Cl -1.0 -16.346447 1.130216 8.323639 
Cl -1.0 -3.852673 -11.386876 -6.293128 
Cl -1.0 3.106571 8.452909 11.320895 
Cl -1.0 -3.850942 -6.909784 -7.684801 
Cl -1.0 -13.645460 -3.756231 12.945415 
Cl -1.0 -11.614949 -2.662921 -13.558699 
Cl -1.0 -8.276539 4.588861 14.542553 
Cl -1.0 -2.443245 10.590442 8.801039 
Cl -1.0 -14.459516 7.209024 5.514496 
Cl -1.0 -6.959676 -12.682464 7.440437 
Cl -1.0 -11.917123 -6.070170 9.414809 
Cl -1.0 0.687883 10.986585 0.505251 
Cl -1.0 10.365828 4.742760 4.212956 
Cl -1.0 -9.008249 12.481605 1.916509 
Cl -1.0 7.871383 -14.923326 -5.052646 
Cl -1.0 7.216101 -1.972735 -10.015595 
Cl -1.0 -11.778649 7.516187 -0.578890 
Cl -1.0 3.966790 15.076101 9.847210 
Cl -1.0 5.305475 0.113695 -11.646891 
Cl -1.0 12.708808 0.064777 11.778576 
Cl -1.0 -0.490623 -0.027894 -18.671222 
Cl -1.0 4.050418 -16.540862 -6.719675 
Cl -1.0 -3.678633 -10.497902 -4.293577 
Cl -1.0 12.592913 -8.087139 0.701660 
Cl -1.0 -4.972447 -14.134212 6.470981 
Cl -1.0 -9.379719 1.687155 15.473079 
Cl -1.0 5.826704 -13.638368 -10.721529 
Cl -1.0 -10.637078 -3.583518 15.371562 
Cl -1.0 6.102429 -3.402118 12.348039 
Cl -1.0 -5.954065 -10.309205 -15.239100 
Cl -1.0 -2.819716 11.915966 2.190920 
Cl -1.0 -7.204121 -14.175476 -7.187239 
Cl -1.0 -2.183967 -5.337174 -16.823318 
Cl -1.0 14.083016 8.568753 0.065095 
Cl -1.0 -8.591852 -13.750963 -7.518939 
Cl -1.0 13.099067 -10.099697 -4.982692 
Cl -1.0 13.373039 2.201841 -13.217708 
Cl -1.0 3.519088 -5.054440 -16.114596 
Cl -1.0 3.367345 -10.181629 -1.879651 
Cl -1.0 -13.390878 -4.690465 -7.061861 
Cl -1.0 -1.409817 -11.091397 2.338442 
Cl -1.0 -10.220017 10.591036 -9.591659 
Cl -1.0 14.089433 3.244185 9.119264 
Cl -1.0 1.229103 11.929609 -2.483795 
Cl -1.0 10.519654 10.023492 4.491838 
Cl -1.0 2.512046 14.399667 -7.635407 
Cl -1.0 -3.345883 16.836723 3.256435 
Cl -1.0 -9.450211 14.428930 1.950410 
Cl -1.0 9.719728 -5.689094 -9.985525 
Cl -1.0 -8.209110 -9.449034 -9.646029 
Cl -1.0 -9.502885 0.600756 -14.717099 
Cla 30.0 0.000000 0.000000 0.000000 
