91

Na 1.0 -12.439914 -13.140268 8.267686 
Na 1.0 -14.096894 -7.910598 1.901732 
Na 1.0 8.729309 8.296119 -8.196768 
Na 1.0 -13.353917 8.075428 -6.823239 
Na 1.0 11.235210 -8.626953 -5.064789 
Na 1.0 13.110807 -1.749833 10.842823 
Na 1.0 8.119883 -1.020156 -13.852850 
Na 1.0 4.333440 10.592968 7.562841 
Na 1.0 -5.904128 8.689675 -13.687372 
Na 1.0 1.202203 3.469049 -13.264560 
Na 1.0 -11.901660 -0.148290 -10.282926 
Na 1.0 0.007956 -7.820578 13.366538 
Na 1.0 -0.688341 14.512862 5.959506 
Na 1.0 -7.876983 8.971598 3.946408 
Na 1.0 -2.378329 3.462691 -15.760224 
Na 1.0 -6.166879 -1.745446 16.050705 
Na 1.0 3.215114 -13.249595 -3.298287 
Na 1.0 5.695552 -15.734316 -6.263794 
Na 1.0 -4.933592 -9.348608 6.281313 
Na 1.0 11.686053 -2.064772 6.332195 
Na 1.0 -12.065001 13.231295 -0.998628 
Na 1.0 -2.577660 13.606321 -10.897900 
Na 1.0 9.158546 -9.201241 1.457864 
Na 1.0 -11.555360 -9.015034 10.422814 
Na 1.0 -4.748385 -13.468154 -9.066081 
Na 1.0 9.594923 -0.865287 -7.395241 
Na 1.0 -14.466562 5.715599 -2.990161 
Na 1.0 -10.476627 3.637711 -5.469011 
Na 1.0 -0.964041 14.848569 -3.192326 
Na 1.0 -2.570242 10.937953 10.588669 
Cl -1.0 4.196735 -4.027798 -16.325110 
Cl -1.0 13.223974 10.043426 1.372590 
Cl -1.0 -14.757030 6.759359 3.738656 
Cl -1.0 -13.082140 0.477476 2.921140 
Cl -1.0 -1.514759 -17.148313 -2.081334 
Cl -1.0 8.124926 -1.044846 9.001917 
Cl -1.0 6.475064 -12.738613 2.030060 
Cl -1.0 11.259099 6.969976 -3.445117 
Cl -1.0 0.279400 -9.634221 -10.812847 
Cl -1.0 0.787949 -15.406865 -5.725161 
Cl -1.0 15.342832 0.824720 -1.487040 
Cl -1.0 -13.685031 -5.164300 -10.458506 
Cl -1.0 4.934909 12.827780 -4.772727 
Cl -1.0 7.200074 -14.381620 7.094514 
Cl -1.0 5.666437 -12.235054 -9.722565 
Cl -1.0 17.564955 -0.119486 3.556703 
Cl -1.0 -4.952615 12.846581 4.983862 
Cl -1.0 -0.790985 9.462915 -10.002817 
Cl -1.0 9.305152 12.138038 -4.084171 
Cl -1.0 -12.086343 -11.757315 -1.443159 
Cl -1.0 -7.375690 -7.241361 -12.232518 
Cl -1.0 2.922924 -2.380326 15.433799 
Cl -1.0 -3.328013 4.678576 -11.480886 
Cl -1.0 13.228828 9.217802 -7.879059 
Cl -1.0 -5.925769 -5.736887 14.638613 
Cl -1.0 0.251117 15.761077 1.205705 
Cl -1.0 11.624481 5.661595 7.679958 
Cl -1.0 15.106985 -6.734443 -2.218919 
Cl -1.0 7.984659 8.751988 5.721349 
Cl -1.0 -5.156692 12.917789 -2.548788 
Cl -1.0 14.333122 -3.618347 1.476061 
Cl -1.0 -10.112045 4.639900 11.026605 
Cl -1.0 -15.560723 -4.392400 -0.886891 
Cl -1.0 8.950254 -4.593722 11.100167 
Cl -1.0 -1.839329 -13.040198 -1.870064 
Cl -1.0 -6.278524 -10.600921 11.737536 
Cl -1.0 -10.853411 8.814608 -3.538378 
Cl -1.0 3.971872 -1.821446 -12.324410 
Cl -1.0 -9.953435 -2.846186 11.910486 
Cl -1.0 0.774138 -13.958732 5.603655 
Cl -1.0 -6.401352 11.213179 12.299002 
Cl -1.0 14.920618 0.910064 -6.051616 
Cl -1.0 8.880002 -8.730874 6.429764 
Cl -1.0 4.951996 3.074604 -15.531434 
Cl -1.0 7.935544 13.575180 6.247894 
Cl -1.0 5.869476 7.581391 14.717079 
Cl -1.0 11.700442 -6.281751 -8.760738 
Cl -1.0 -8.775424 -1.670460 -15.566156 
Cl -1.0 7.641768 15.699384 0.104764 
Cl -1.0 15.055345 3.382777 4.954110 
Cl -1.0 -6.694048 3.067153 -14.813277 
Cl -1.0 -13.035318 1.425384 10.083446 
Cl -1.0 -11.939582 3.968817 4.550353 
Cl -1.0 -10.185631 9.771667 9.370604 
Cl -1.0 8.403661 -8.640229 -7.955419 
Cl -1.0 -11.767060 -0.593673 -5.613693 
Cl -1.0 -1.722480 -3.869950 11.560447 
Cl -1.0 -16.980992 3.481893 0.590089 
Cl -1.0 3.543139 -7.064776 -12.097379 
Cl -1.0 0.508946 -1.052200 -17.615852 
Cla 30.0 0.000000 0.000000 0.000000 
