100

Na 3.567853 0.091677 0.433674 
Na -5.843044 -1.412929 2.683043 
Na 1.733344 0.156990 -3.582585 
Na -0.518870 -2.706881 -4.437205 
Na -0.694831 -3.535010 -1.339013 
Na -3.496481 3.056277 5.539299 
Na 4.657627 -0.466358 4.943837 
Na 1.800150 -2.109959 -4.281087 
Na -3.850645 4.517966 1.749756 
Na 2.310342 4.604069 -0.051910 
Na -3.936055 2.504111 -0.350706 
Na -2.306094 -0.116981 -3.837817 
Na -1.933631 -0.390962 -5.606149 
Na -1.441984 0.195598 -0.393352 
Na 3.842781 3.844953 -3.375386 
Na -1.907463 -1.344704 -6.271317 
Na -6.339355 2.515179 2.686865 
Na -1.045699 -2.056437 -2.148739 
Na 2.616484 3.509932 4.960299 
Na 4.510335 -5.432053 -2.344103 
Na 0.741596 -3.496735 0.156146 
Na 1.970279 -5.456108 -0.060239 
Na 4.489304 -3.250470 1.406174 
Na -0.323831 5.059470 -2.570864 
Na -0.832705 -4.091255 -2.321207 
Na -2.864463 2.363046 3.122356 
Na 2.486798 -2.520470 -0.867713 
Na -0.052902 -5.510135 1.200235 
Na 5.102994 -1.393153 -0.389037 
Na -0.740010 1.318722 5.658120 
Na -0.503081 2.290744 -4.443995 
Na -3.140509 1.027472 0.797191 
Na -2.329311 -2.265689 6.252481 
Na -1.313421 -6.218284 3.101796 
Na 0.842456 -5.100687 5.261257 
Na -6.456316 -1.870272 1.626035 
Na 7.296166 -0.585355 -1.379664 
Na -0.132630 -1.142317 -5.185612 
Na -1.936155 -0.452273 4.099185 
Na -5.523307 -0.023110 3.588673 
Na -5.310061 2.719354 1.941114 
Na -1.076276 -3.938190 4.340427 
Na -3.315019 -2.298544 4.799466 
Na 3.137464 -3.527479 0.749249 
Na -0.263351 2.847418 -1.016446 
Na -6.293776 3.860638 -0.355333 
Na -3.610944 1.659282 3.627287 
Na -3.382285 -3.061272 0.913734 
Na 0.912325 -6.864083 -1.357651 
Na -1.499010 -2.932793 5.877674 
Cl 0.865011 4.115836 -4.148025 
Cl 5.290558 -1.688871 -3.314028 
Cl -1.295708 -2.727317 -5.552224 
Cl 5.526702 -2.564241 2.847044 
Cl 1.321633 5.848084 3.482961 
Cl -5.864786 3.966286 2.379165 
Cl -5.001554 -1.324742 4.577471 
Cl -1.068338 2.670108 0.161283 
Cl 0.879438 0.696810 5.097042 
Cl -3.773519 -5.481557 3.445126 
Cl -6.054129 -2.087133 -1.210627 
Cl 2.641992 1.170406 1.890648 
Cl 0.905321 2.805620 -1.643066 
Cl 3.246012 -2.463055 4.255137 
Cl 6.134612 3.968606 -0.574755 
Cl -3.607063 1.074525 -5.359503 
Cl 1.527151 2.229839 2.035789 
Cl 2.467491 3.476191 -0.867177 
Cl -2.466652 6.164847 -2.962195 
Cl -4.724669 1.188544 0.186787 
Cl -6.212854 1.752650 1.748424 
Cl -5.812351 -1.101689 -2.045206 
Cl -3.128626 3.038741 -1.728071 
Cl -1.604627 3.949167 2.909625 
Cl -2.258856 -6.448348 0.555844 
Cl -0.162433 -2.385870 3.497038 
Cl -5.914009 -2.294100 -0.072142 
Cl 3.564594 -0.606451 6.326169 
Cl -5.915016 4.135922 1.215921 
Cl 0.829207 -0.597331 -6.796170 
Cl -1.630851 4.997932 -0.435020 
Cl 0.113536 -2.664501 4.679109 
Cl -3.889426 -1.078510 -5.114991 
Cl 3.538432 -5.013916 1.778558 
Cl 2.364601 -3.494528 1.992578 
Cl -6.972370 0.647735 -0.364204 
Cl -2.013877 -2.284224 -0.855526 
Cl 0.172468 -4.470919 -3.008374 
Cl 3.410465 1.398230 -5.510442 
Cl -1.189302 -4.662918 2.828561 
Cl -2.925006 0.647006 -2.546761 
Cl 2.757934 -1.194403 5.698096 
Cl 1.064176 -2.153941 6.230432 
Cl -0.689276 0.385621 7.391204 
Cl 0.110021 0.953638 -5.381629 
Cl 3.586318 5.528632 2.765377 
Cl 1.906668 4.149586 -5.079836 
Cl 1.341516 6.263604 -1.656650 
Cl 1.232720 -1.193040 3.047091 
Cl -2.850703 -3.911580 -0.938469 
