111

Na 1.0 -12.746554 -14.467025 1.835647 
Na 1.0 6.758613 2.534232 -15.360483 
Na 1.0 6.234107 10.668866 -10.248739 
Na 1.0 -8.468534 -3.019786 17.285728 
Na 1.0 -18.927643 1.305717 -3.738227 
Na 1.0 15.773365 -5.815150 -5.156101 
Na 1.0 -11.496266 -0.946619 -11.810870 
Na 1.0 11.418309 12.451606 2.166322 
Na 1.0 0.774694 -8.499876 -6.556770 
Na 1.0 1.551576 -12.324013 9.655520 
Na 1.0 1.206140 -15.478291 5.146086 
Na 1.0 5.905491 -2.547490 -18.365855 
Na 1.0 5.052027 8.246995 -4.911939 
Na 1.0 7.720188 -10.478311 6.088185 
Na 1.0 -6.221026 -1.882391 -14.535625 
Na 1.0 -14.847507 4.502645 4.660811 
Na 1.0 -16.298001 1.043200 -10.198384 
Na 1.0 -10.000150 8.544992 -4.351440 
Na 1.0 -16.335588 -0.959784 3.181698 
Na 1.0 9.953167 -6.461366 -4.776658 
Na 1.0 7.182690 -0.608177 16.630874 
Na 1.0 9.192638 -3.799368 -16.391848 
Na 1.0 16.012152 9.479606 1.225761 
Na 1.0 8.633059 10.817769 -3.450316 
Na 1.0 -7.685244 1.270936 9.588319 
Na 1.0 -0.644887 -16.351942 -1.848660 
Na 1.0 -3.514013 12.340696 13.851971 
Na 1.0 -12.951694 -3.033286 -3.702224 
Na 1.0 13.319912 -7.094332 3.631724 
Na 1.0 -10.363490 3.993183 -8.214918 
Cl -1.0 -11.621613 8.234236 -4.489867 
Cl -1.0 4.372438 -6.591917 10.756243 
Cl -1.0 0.737813 -8.718417 16.848971 
Cl -1.0 -7.884550 -10.002275 10.314517 
Cl -1.0 10.028890 1.197425 -6.761872 
Cl -1.0 16.495422 7.404046 -2.132041 
Cl -1.0 6.810137 6.294967 -12.436762 
Cl -1.0 14.946149 0.977281 -6.916982 
Cl -1.0 12.694295 0.623732 10.373554 
Cl -1.0 -17.775975 -2.380846 -1.722400 
Cl -1.0 -12.542332 -13.107660 -3.625020 
Cl -1.0 8.854361 8.115293 -6.566716 
Cl -1.0 8.564507 3.973765 5.189106 
Cl -1.0 6.328974 13.430218 1.257763 
Cl -1.0 13.434333 -0.103252 11.190826 
Cl -1.0 -14.897333 2.183253 -0.109874 
Cl -1.0 15.802060 -2.936399 7.658578 
Cl -1.0 -6.833852 8.787638 -4.200053 
Cl -1.0 -4.717357 16.786543 6.646070 
Cl -1.0 -0.835118 -9.466284 6.556700 
Cl -1.0 -3.426133 -1.172668 -17.266716 
Cl -1.0 5.040519 -6.873747 15.656956 
Cl -1.0 -7.902781 0.147139 -14.873049 
Cl -1.0 -11.414350 3.649399 12.809738 
Cl -1.0 -18.421833 1.840175 2.798039 
Cl -1.0 19.232858 -2.599422 -1.146021 
Cl -1.0 12.542596 5.035288 5.097880 
Cl -1.0 -14.968939 1.506695 9.736230 
Cl -1.0 -9.519103 -15.898657 -0.084901 
Cl -1.0 7.280212 -14.768499 6.626626 
Cl -1.0 0.947380 -13.690332 -11.033199 
Cl -1.0 -5.887601 -15.560153 7.595799 
Cl -1.0 8.946509 -1.048195 -6.796163 
Cl -1.0 -2.320578 -3.763619 -13.902047 
Cl -1.0 6.146222 -0.018200 15.650849 
Cl -1.0 -5.817050 4.625257 -12.956064 
Cl -1.0 18.842883 -0.116322 -2.058813 
Cl -1.0 9.499192 12.706356 10.351941 
Cl -1.0 -7.694476 11.014474 -2.687465 
Cl -1.0 -12.637692 2.067270 -7.398464 
Cl -1.0 -7.251453 5.892914 -11.180282 
Cl -1.0 -9.354905 8.659279 4.602503 
Cl -1.0 7.613316 -12.571203 0.337113 
Cl -1.0 8.552770 6.327937 -13.523281 
Cl -1.0 -11.219985 -10.170853 4.878079 
Cl -1.0 7.703947 -11.850563 -11.546305 
Cl -1.0 -11.458940 -11.635711 2.033085 
Cl -1.0 4.309161 4.553170 -16.905374 
Cl -1.0 -7.569452 12.833185 -7.576227 
Cl -1.0 1.346793 17.089502 -1.244715 
Cl -1.0 14.044237 0.268238 7.990624 
Cl -1.0 14.875346 8.673799 -4.752924 
Cl -1.0 -6.017901 2.722135 12.146702 
Cl -1.0 3.999080 -15.431072 9.736204 
Cl -1.0 10.744989 13.615810 0.206784 
Cl -1.0 -4.552086 14.624593 4.060423 
Cl -1.0 18.988384 1.638917 -1.367362 
Cl -1.0 0.445913 -2.985737 -12.193563 
Cl -1.0 15.192990 -4.022037 0.789397 
Cl -1.0 8.126667 11.018388 8.925040 
Cl -1.0 0.773369 -4.482532 12.993967 
Cl -1.0 -8.990427 -1.728167 11.607132 
Cl -1.0 1.014015 -10.483178 5.722942 
Cl -1.0 2.026934 -15.829234 -9.855931 
Cl -1.0 -3.174327 2.983659 14.176707 
Cl -1.0 12.941049 -3.664713 9.507853 
Cl -1.0 -15.068062 -0.270417 -6.767294 
Cl -1.0 -12.294187 11.089888 -3.732773 
Cl -1.0 8.823055 -5.114467 -11.587875 
Cl -1.0 12.077270 4.901335 1.248827 
Cl -1.0 7.988528 7.428675 15.537471 
Cl -1.0 10.585534 -4.065244 2.398561 
Cl -1.0 -8.370833 11.063695 8.744380 
Cl -1.0 -14.692206 4.172655 7.330816 
Cl -1.0 7.206355 7.389697 12.088626 
Cl -1.0 4.490448 18.518864 3.652322 
Cl -1.0 -6.265172 -4.438430 -12.206713 
Cl -1.0 7.380543 -6.646898 -6.480624 
Cl -1.0 10.859532 -7.876955 -5.436707 
Cl -1.0 -12.791624 -10.542402 8.582259 
Cla 50.0 0.000000 0.000000 0.000000 
