100

Na -1.319601 1.621858 1.783682 
Na 3.617195 5.214138 2.693200 
Na 3.756459 -1.655442 -5.629614 
Na -1.813889 5.476240 -0.684697 
Na 3.743822 -2.193098 -3.094801 
Na -2.425514 1.607667 1.865009 
Na -7.100674 -2.284142 0.657967 
Na 4.119828 -2.480396 1.132569 
Na 4.268744 -2.853108 4.664903 
Na 0.402678 -2.391376 3.743404 
Na -6.950558 -1.572516 1.733877 
Na 4.700313 3.501970 -4.158456 
Na -0.934678 3.769655 -3.261982 
Na 0.742651 -6.882878 -1.363445 
Na -6.099382 0.331751 0.096235 
Na -1.837041 1.623001 -0.128644 
Na 3.640240 -0.627245 1.800809 
Na -2.389248 3.389845 -4.403206 
Na -1.468550 -3.367504 -3.786084 
Na 4.668005 -1.966886 4.045667 
Na -2.735759 -2.101399 -6.502754 
Na -2.857188 -2.940383 3.840570 
Na 4.514168 -1.034020 -1.486988 
Na -2.886184 -5.411994 3.823845 
Na 2.684281 -1.692192 1.652766 
Na 5.563279 3.418560 -2.457389 
Na -6.080343 -3.617744 -2.393179 
Na -5.083097 -1.237664 -3.496521 
Na -2.865529 3.405148 1.063096 
Na -0.511947 -4.267677 -4.864703 
Na -2.626179 0.346139 -2.776698 
Na 2.850432 -6.406301 -1.050329 
Na 2.068149 -0.372239 0.017697 
Na 1.776369 1.047418 3.899953 
Na 4.449765 -5.926167 -1.013247 
Na 4.478841 1.061887 2.219076 
Na -1.181778 2.876848 1.443108 
Na -0.264400 6.721366 2.118287 
Na -3.864448 6.104556 -1.917392 
Na -1.202159 -5.508774 -1.318599 
Na -2.634721 6.440991 0.255234 
Na -1.578704 -1.441817 -2.753145 
Na 3.053561 -5.852762 0.017774 
Na -6.363831 0.445080 2.008999 
Na -0.182430 5.310358 0.949990 
Na 2.398964 6.523079 -1.926653 
Na -4.249112 2.876316 3.508358 
Na 3.268662 4.012485 -3.546563 
Na -2.222339 -3.669945 -5.736205 
Na -4.402528 -2.207216 3.659684 
Cl -4.498736 -1.064462 -2.470493 
Cl -4.723535 -0.535505 5.631290 
Cl 0.364976 -5.990722 3.541851 
Cl -3.285591 3.346949 3.364607 
Cl 2.083886 2.366499 -4.746591 
Cl -0.113011 -2.529454 -0.285354 
Cl -3.755994 -0.381975 5.898826 
Cl -1.650464 -7.222560 -0.136838 
Cl 1.102945 6.314764 0.007321 
Cl 3.172731 2.843188 0.848413 
Cl -3.611776 -4.103387 -3.491774 
Cl -1.059899 -0.359381 3.626251 
Cl -2.661073 -0.750769 -5.680196 
Cl 2.198752 -1.298287 -6.587992 
Cl 1.085205 -5.439148 2.871079 
Cl -1.181454 -2.475199 1.442387 
Cl -0.076844 1.413025 4.838999 
Cl 1.877436 0.027644 1.327617 
Cl 4.886690 -3.067530 -1.082549 
Cl 4.914581 5.517674 0.978303 
Cl 0.285660 7.451292 -0.509006 
Cl 3.624697 4.812020 -1.319181 
Cl -2.547686 1.286701 0.907215 
Cl -2.518357 -1.326609 5.339685 
Cl 3.899094 -3.912029 3.357359 
Cl -1.461439 -1.104609 -4.965066 
Cl -2.044178 3.409395 4.604059 
Cl -1.937929 2.526794 -1.818310 
Cl 2.077508 6.101852 2.543162 
Cl -1.272998 3.360321 -1.762745 
Cl -4.168940 -0.003037 -0.901036 
Cl 1.721820 5.040820 4.942317 
Cl -0.561909 6.665262 -0.695395 
Cl -3.536156 1.214813 3.292839 
Cl 1.431833 -0.126112 -1.420042 
Cl -3.413856 -5.548604 -2.818190 
Cl 6.629306 0.886359 2.586309 
Cl 1.457166 7.113360 -1.553370 
Cl -1.206614 4.666240 3.484413 
Cl -3.764297 -4.047790 3.908774 
Cl -1.482091 -4.895712 -3.934267 
Cl 4.337542 4.036121 3.439621 
Cl -4.814380 1.208737 -1.609265 
Cl 1.132250 0.903159 1.335155 
Cl -4.439744 -4.067753 1.953605 
Cl 6.969030 -0.647288 -2.656094 
Cl 2.543066 -5.422218 -3.301949 
Cl 6.831915 0.595691 -0.697662 
Cl -4.602352 -2.566767 -4.161541 
Cl 6.337269 0.350734 -3.539276 
