91

Na 1.0 10.359985 10.417898 11.076382 
Na 1.0 -12.258830 1.508540 7.433814 
Na 1.0 10.145104 13.798256 -8.249915 
Na 1.0 -2.857997 -8.642468 -15.446858 
Na 1.0 6.444394 -2.445826 -11.273655 
Na 1.0 15.986297 -5.975934 8.002575 
Na 1.0 1.064525 3.114286 11.790813 
Na 1.0 2.645916 4.323437 -12.157380 
Na 1.0 -9.420270 -0.322763 7.542912 
Na 1.0 -5.593815 -9.677660 1.841168 
Na 1.0 5.656270 6.964343 12.698699 
Na 1.0 9.709412 -6.091263 -9.247127 
Na 1.0 -0.529561 -16.894799 0.744864 
Na 1.0 1.495709 -0.951825 14.764430 
Na 1.0 11.065389 -0.212054 11.921889 
Na 1.0 13.886745 -12.256331 -1.303184 
Na 1.0 -0.812690 13.629943 4.675421 
Na 1.0 4.452163 7.582740 9.317412 
Na 1.0 -10.105747 -10.421552 -11.134413 
Na 1.0 -14.841317 -7.084675 -6.429967 
Na 1.0 6.887455 -10.549099 -11.516111 
Na 1.0 3.024965 -3.760649 -18.166497 
Na 1.0 9.057508 -12.195260 1.121449 
Na 1.0 5.316464 12.266570 9.273211 
Na 1.0 1.744917 -1.340876 -11.199374 
Na 1.0 11.062310 10.741596 11.844717 
Na 1.0 -7.316241 -7.279007 -6.708662 
Na 1.0 12.563593 8.727481 8.124704 
Na 1.0 0.687096 3.930784 -17.796036 
Na 1.0 -3.669636 -10.252751 13.970534 
Cl -1.0 -13.896425 -0.260866 -8.310733 
Cl -1.0 2.959526 -0.451568 17.802253 
Cl -1.0 -10.106074 7.723317 9.573921 
Cl -1.0 15.345013 -2.806201 6.537989 
Cl -1.0 -8.606139 -5.217659 7.163858 
Cl -1.0 -5.581221 -4.603360 13.888523 
Cl -1.0 6.228388 -9.375072 -4.396474 
Cl -1.0 1.801192 -7.864041 -12.415284 
Cl -1.0 10.823064 -6.725961 -13.067958 
Cl -1.0 5.878230 16.322275 1.064696 
Cl -1.0 6.742591 -8.758946 15.961336 
Cl -1.0 1.131114 1.445070 -16.122513 
Cl -1.0 -5.352625 -11.826541 -5.997585 
Cl -1.0 9.750901 9.474651 5.638373 
Cl -1.0 11.223845 4.256697 -14.327769 
Cl -1.0 2.587303 7.386408 15.103893 
Cl -1.0 -1.816935 13.976483 6.395515 
Cl -1.0 9.323524 2.357485 -15.155493 
Cl -1.0 -9.666385 -5.151621 -12.516316 
Cl -1.0 1.977760 8.798781 13.365616 
Cl -1.0 -0.521310 -11.299771 -14.245204 
Cl -1.0 -10.115437 12.109476 -2.939909 
Cl -1.0 -3.264935 1.932999 18.917576 
Cl -1.0 1.079571 11.766615 -5.734045 
Cl -1.0 8.063255 -3.956046 -6.496580 
Cl -1.0 6.121414 -12.720663 -2.141866 
Cl -1.0 2.222991 -10.028212 -13.417787 
Cl -1.0 0.057207 -0.643649 18.191689 
Cl -1.0 16.034875 -2.829013 -7.108697 
Cl -1.0 -9.199170 -14.265758 8.435257 
Cl -1.0 3.804250 14.644204 6.456971 
Cl -1.0 6.106451 -1.580217 -15.542625 
Cl -1.0 11.550582 1.833225 -11.903574 
Cl -1.0 -10.091283 -15.443784 -2.431786 
Cl -1.0 -4.009070 4.113423 16.424565 
Cl -1.0 -5.317382 1.230722 12.515980 
Cl -1.0 14.807306 -2.234403 -9.813033 
Cl -1.0 -11.801391 8.066427 -4.578791 
Cl -1.0 6.993788 9.580613 11.147166 
Cl -1.0 15.407302 11.039912 -2.463393 
Cl -1.0 -6.896971 4.719376 8.712775 
Cl -1.0 -5.342632 -12.703047 -13.141604 
Cl -1.0 -12.675605 6.079853 6.642611 
Cl -1.0 -0.435730 10.123182 -9.764004 
Cl -1.0 0.208302 -3.712320 -13.327637 
Cl -1.0 -0.454879 9.923593 3.435709 
Cl -1.0 -16.341977 -8.947092 -0.156893 
Cl -1.0 6.992486 -12.462601 -1.711571 
Cl -1.0 7.131908 7.104650 11.853804 
Cl -1.0 -8.932383 11.808211 2.359487 
Cl -1.0 -11.541423 8.967164 -0.694343 
Cl -1.0 -12.557456 1.285766 0.590620 
Cl -1.0 -6.806117 4.443789 11.143529 
Cl -1.0 -3.322989 -7.486429 -13.855608 
Cl -1.0 6.966548 3.164124 15.825251 
Cl -1.0 -5.671944 6.158204 -15.615219 
Cl -1.0 -3.741732 -6.209888 10.989431 
Cl -1.0 -11.387928 4.357730 3.297642 
Cl -1.0 10.471560 12.316306 -7.235194 
Cl -1.0 10.367836 -7.047267 -1.505639 
Cla 30.0 0.000000 0.000000 0.000000 
