100

Na -4.763240 4.756849 -3.207770 
Na 2.495496 4.652171 5.961467 
Na -0.602400 -5.328510 4.941090 
Na -4.989427 -3.421179 -4.015144 
Na 3.965630 -5.286730 2.229421 
Na 1.404946 2.736289 3.864886 
Na 2.179792 0.733938 -4.574249 
Na 1.712472 -3.816907 -4.183441 
Na 0.946205 -3.848100 0.584339 
Na 1.170148 -2.111340 -1.158812 
Na 4.462378 -6.115844 -3.006641 
Na 3.923845 -0.218244 -1.835151 
Na 2.364935 1.292329 1.243670 
Na 4.849791 -1.242041 2.456939 
Na 0.579212 -6.337095 -1.306771 
Na -2.055901 2.342697 5.927167 
Na -0.130151 -2.444831 -4.389741 
Na 4.741457 5.889474 0.754092 
Na -1.174205 0.559622 5.142752 
Na 4.166983 -1.478000 5.526908 
Na -5.339658 -4.054154 -1.191336 
Na -0.674809 4.810781 -6.399007 
Na -5.931139 3.160572 -1.141048 
Na -4.780971 1.683883 -5.135446 
Na -3.243546 3.740140 3.862991 
Na -4.387262 -5.692608 -2.687913 
Na -5.744510 4.974375 2.334087 
Na 6.282399 6.134717 4.779933 
Na -1.408937 -1.040092 3.090714 
Na -1.307944 -0.471231 -0.248714 
Na -3.427135 -2.226403 -1.325047 
Na 3.357142 2.176247 -2.531175 
Na 0.720133 -2.965107 5.950422 
Na -2.527402 -0.852368 -6.242186 
Na 1.284685 -0.096878 5.232189 
Na 4.989418 -3.031361 3.355582 
Na -5.864589 -1.112927 -1.720212 
Na -1.895763 6.107206 1.814681 
Na -2.445341 -2.920196 -5.537687 
Na -5.088431 -2.618035 5.327539 
Na -1.261618 -4.128617 -4.203821 
Na -4.406035 0.612086 -3.184174 
Na -4.995884 2.343860 0.908338 
Na -5.208595 -3.114002 1.825343 
Na -0.428807 1.490234 1.432549 
Na -5.114126 5.544893 5.012353 
Na 2.592117 -6.448020 -1.386550 
Na 4.888296 -4.354055 5.725537 
Na 5.550730 3.629329 -5.294020 
Na 0.876073 -3.299479 2.696215 
Cl -5.679025 0.434582 5.098474 
Cl 4.197817 -2.851796 -1.499497 
Cl 3.057919 -5.587218 6.314101 
Cl 5.799987 3.504899 6.366081 
Cl -2.086563 1.893195 -4.487975 
Cl -2.861026 3.597317 -0.837914 
Cl 5.208371 -0.290223 -4.999991 
Cl 4.234334 6.136579 -4.670140 
Cl -4.328344 -3.733824 -6.149163 
Cl -0.729366 3.521912 -1.588176 
Cl -6.375073 -3.417320 -5.882988 
Cl -4.875064 6.111033 -0.622482 
Cl -1.737908 -0.926930 -2.466723 
Cl 5.512980 0.736590 5.336635 
Cl 6.278837 -5.723119 -5.388474 
Cl 5.023493 5.717789 -1.791518 
Cl -3.207894 -3.293477 3.695209 
Cl 0.637185 1.274462 -0.315300 
Cl -2.140380 -4.142139 1.760442 
Cl 6.043828 2.343788 -0.600173 
Cl -4.032570 -0.158084 0.388201 
Cl 3.066257 3.480752 1.194428 
Cl 5.703895 -3.415847 -4.636989 
Cl 2.552817 5.559930 -2.998603 
Cl 0.485161 4.550774 3.731842 
Cl 0.040689 5.226519 -2.382715 
Cl -3.145501 -4.948938 5.426913 
Cl 5.341441 4.103880 4.486843 
Cl 0.287274 5.701296 1.823917 
Cl 3.277896 2.565381 6.224766 
Cl -2.862557 -6.468000 1.704511 
Cl 5.153625 2.234192 -3.639312 
Cl -2.540511 -0.987911 5.426068 
Cl -1.849533 -4.462216 -1.484390 
Cl 3.604228 -5.808591 -5.750198 
Cl 6.464916 -1.849102 -0.238109 
Cl 4.228455 -2.148199 -3.927115 
Cl -1.602687 1.612091 -1.951218 
Cl -0.330913 6.107648 4.980310 
Cl 3.028568 5.008002 2.795799 
Cl -4.576527 3.969006 -6.005779 
Cl 6.123702 0.679295 1.358918 
Cl 6.318754 2.706851 1.852490 
Cl -2.970078 1.042128 2.830892 
Cl -6.121415 -0.702469 -6.359848 
Cl 2.128134 -1.608138 4.053577 
Cl 3.469927 -2.800869 -6.431703 
Cl 1.839592 -1.567371 -5.700107 
Cl 0.278760 1.789363 -2.607216 
Cl -2.368138 4.417371 -2.641891 
