100

Na -12.864771 -7.465695 5.016572 
Na 4.631906 -4.531055 -4.420416 
Na -1.468904 2.027903 -8.112768 
Na -4.511668 -7.819409 -1.330774 
Na 0.903884 1.591967 10.920450 
Na -10.638442 -11.549678 8.664383 
Na 7.147374 -1.203648 1.582475 
Na 12.567413 3.212442 10.722544 
Na 2.346279 9.699350 -0.519993 
Na -12.553054 -12.411209 -10.855340 
Na -5.848416 -12.275980 -5.321035 
Na 12.168155 5.355926 3.147910 
Na -5.252261 -9.112978 -7.824187 
Na -0.365029 -0.624646 -2.643596 
Na 11.304197 -12.720761 11.948372 
Na 9.224647 -10.359203 -12.601306 
Na 4.889030 9.788170 -0.804955 
Na -6.528495 9.355583 -10.592513 
Na -8.805951 -1.298138 12.106837 
Na 3.674056 -0.851192 12.695629 
Na 5.818717 6.300392 -12.580351 
Na -12.502319 5.468548 5.775575 
Na 3.645591 -12.783713 9.662597 
Na 8.821404 -0.148743 -3.962048 
Na -6.822192 -1.844546 -3.682810 
Na -7.873820 -5.619899 -1.042013 
Na -7.475126 12.269131 -4.253843 
Na 4.719919 -7.259363 -7.898260 
Na 7.127406 -3.065314 3.803603 
Na 6.234243 -12.391258 -10.047589 
Na 5.929872 6.427459 9.252803 
Na 6.349521 6.925140 1.721351 
Na -0.874904 -2.429269 1.937637 
Na -4.212307 -6.607865 -11.211105 
Na 4.825645 -0.430057 -0.055652 
Na -11.857165 4.696123 7.324449 
Na 0.100822 10.220996 6.593581 
Na 8.846979 1.940915 12.334217 
Na -12.051281 -3.931678 -3.731097 
Na 4.752322 -10.697435 -3.122355 
Na 7.704733 8.232437 -9.694896 
Na 3.957536 1.581958 10.230244 
Na -7.321113 -12.292946 -5.199025 
Na 7.616524 -3.505253 1.193109 
Na 9.405419 -11.679608 -12.236948 
Na -3.650233 -10.536774 5.459175 
Na -9.325783 2.564048 2.680172 
Na 10.267797 -1.588973 -8.378913 
Na 9.602014 -0.640254 0.689409 
Na -7.129083 -8.887932 2.991974 
Cl 2.748563 11.816800 -1.775590 
Cl 6.053666 2.774336 12.806368 
Cl 3.283910 8.453223 -12.486578 
Cl 11.084885 3.069747 -2.991831 
Cl -0.722005 -0.524834 -1.671440 
Cl 0.041047 8.824934 0.791787 
Cl -7.499778 12.499150 -9.644165 
Cl 8.180394 9.766947 1.766862 
Cl 12.801481 6.368962 -11.873392 
Cl 0.490889 12.239879 -7.761324 
Cl -9.517137 1.988442 -8.944524 
Cl 1.707273 -4.957892 6.829812 
Cl 1.513642 11.326019 2.283035 
Cl 2.027064 9.410904 -7.647217 
Cl 12.035233 -4.311101 4.827949 
Cl -2.636207 8.729945 0.652882 
Cl 11.155580 -11.769832 0.152032 
Cl -11.488585 9.410561 -3.081020 
Cl 3.278277 9.212042 -9.712058 
Cl 4.404886 -3.297069 -10.472179 
Cl 9.643562 0.185794 4.516263 
Cl -12.300962 -11.106932 12.558371 
Cl 7.528850 3.406709 10.884390 
Cl -3.188115 -7.566227 7.295294 
Cl 2.164668 -8.530994 -10.015808 
Cl -6.007383 1.832799 11.714138 
Cl 7.645499 -0.011621 12.944306 
Cl -5.202469 1.499794 9.354867 
Cl 4.716511 -8.221929 5.566909 
Cl 8.004453 9.182957 -10.730160 
Cl 10.532274 5.826519 2.455635 
Cl 2.048536 6.525556 4.348703 
Cl 1.606908 1.054406 -5.244588 
Cl -0.508702 10.866291 0.189185 
Cl -6.213408 0.030959 4.658191 
Cl -3.229216 7.023576 -6.509010 
Cl -4.515078 1.669075 6.479369 
Cl -4.570772 9.466606 -5.020837 
Cl -8.215905 1.183118 -0.242766 
Cl 10.351004 -3.812429 -4.059809 
Cl 12.620844 -6.280156 -11.233290 
Cl 2.076479 8.768381 8.292266 
Cl -6.574818 -2.624712 -3.653328 
Cl 1.180594 9.866586 -5.787037 
Cl -11.630221 -9.346823 7.243923 
Cl 6.027970 0.423962 1.267499 
Cl 12.518960 8.908884 -10.063426 
Cl 5.998328 -8.661889 12.403180 
Cl -12.022509 -3.877794 0.586298 
Cl 0.734725 -6.526790 9.773868 
