100

Na 2.281155 2.733785 4.872762 
Na 3.417850 -4.632857 0.622590 
Na -4.719525 2.513836 -1.286044 
Na -3.846894 2.283367 4.697256 
Na 0.809828 3.679904 0.153163 
Na 1.157627 -2.493380 3.551401 
Na 3.049991 -2.559497 -2.870293 
Na 3.961593 -4.829011 -2.878210 
Na -1.424567 3.096531 -2.183465 
Na 2.185469 -4.798602 4.095399 
Na -0.187464 2.482553 1.829184 
Na -1.280900 -1.856188 -4.326566 
Na 3.872263 4.301440 -1.819946 
Na 2.423664 2.351431 0.620557 
Na 4.553371 1.313024 0.791546 
Na -3.324838 4.888456 -1.111923 
Na -4.583721 1.571759 2.472431 
Na 2.612606 1.879647 -1.346691 
Na -2.677232 -4.098509 -4.012707 
Na -0.683702 -0.379409 -0.868895 
Na -1.209657 -4.530110 2.096999 
Na 4.581889 -2.854949 1.985455 
Na -4.742793 -4.424504 -4.701262 
Na -3.755500 -0.108206 -0.080671 
Na 0.375606 4.881526 3.412184 
Na 4.592127 -3.158344 4.798592 
Na -1.325419 -0.106490 3.580391 
Na -1.320197 -3.415583 4.444355 
Na 0.893387 4.690024 -1.835629 
Na 4.224900 -1.126220 -3.902790 
Na -4.704162 -1.170386 4.255920 
Na -0.178102 2.035431 4.927126 
Na 1.258847 -1.258466 -0.317221 
Na -1.629964 -3.234050 -0.780903 
Na -2.012814 3.024797 2.960631 
Na 2.669966 2.329541 -4.072935 
Na 1.226525 2.731495 -2.552899 
Na 1.433604 0.734695 -3.468302 
Na -3.926793 4.806931 -4.222493 
Na -2.636514 -1.823033 -2.456543 
Na 0.470278 -4.939356 0.629289 
Na -4.763289 3.736127 0.477149 
Na -2.275887 0.169730 -3.788156 
Na -4.107044 -4.867676 0.464479 
Na 4.921070 2.986760 -3.654667 
Na 0.600797 1.468230 0.077734 
Na 1.088094 -3.083550 1.340937 
Na -4.607018 -2.376794 -1.298012 
Na -3.754348 -3.725929 2.098399 
Na 0.604928 -3.658952 -3.290386 
Cl 0.151150 -1.019576 1.906851 
Cl 4.016635 1.750807 3.267677 
Cl -4.720770 2.515487 -4.591367 
Cl -1.757865 2.939270 0.597392 
Cl 1.452773 0.765127 2.808492 
Cl 3.361376 3.818465 1.870467 
Cl -4.985943 -3.180417 4.492944 
Cl -0.185820 -1.942058 -2.589936 
Cl 4.991802 -3.612003 -1.010645 
Cl 3.572490 -0.948567 1.144985 
Cl -0.444583 -4.948258 -1.721552 
Cl 2.231646 4.574122 -4.495050 
Cl -4.299110 -0.733424 -4.216612 
Cl 2.755886 -3.954459 -1.335419 
Cl 4.602473 4.201828 4.561855 
Cl -2.803082 -4.904399 -1.457837 
Cl 3.505706 -3.941236 -4.640026 
Cl 4.451490 0.677863 -1.425037 
Cl -3.065135 4.733057 2.663048 
Cl -4.018914 -0.852297 1.880427 
Cl -4.931621 0.114325 -1.951776 
Cl -2.691813 1.089755 1.232121 
Cl -0.995072 4.635788 -0.799519 
Cl 0.627984 2.656182 -4.549124 
Cl -2.879140 -2.238469 3.804691 
Cl -2.823773 3.075372 -4.074233 
Cl 2.025997 -0.153600 4.685382 
Cl 4.864264 3.971657 0.065432 
Cl 4.878929 -1.746145 -2.022140 
Cl 3.399627 -1.137760 3.310454 
Cl -2.483523 -2.224214 1.533712 
Cl 0.921512 -2.508156 -4.944271 
Cl -4.036304 4.883091 4.782276 
Cl 2.044926 4.786534 4.540324 
Cl -0.883207 4.555430 -4.767837 
Cl -3.065114 -4.784402 3.738270 
Cl 2.040823 -1.116181 -3.955326 
Cl 4.966341 0.047677 4.631063 
Cl 0.343022 -4.748853 4.960177 
Cl -0.879854 4.930937 1.537879 
Cl -2.653521 0.882507 -1.682414 
Cl -2.136181 3.484013 4.962450 
Cl -1.944879 4.993603 -2.971311 
Cl 4.648240 -4.757116 2.714802 
Cl 4.058666 0.909296 -4.970109 
Cl 2.583091 -0.097328 -1.807932 
Cl -4.414941 -2.672079 -3.313637 
Cl -0.278255 1.363112 -2.039363 
Cl 2.828691 -3.834276 2.449048 
Cl -0.833962 1.200964 -4.874210 
