100

Na 2.511895 0.832608 -3.539277 
Na 0.640161 -0.571236 1.198927 
Na 3.647491 5.738511 1.273520 
Na -4.896473 0.370533 1.061949 
Na -5.892677 -2.925000 -2.917434 
Na -0.404381 -6.774850 -2.338979 
Na 6.070951 -0.862984 -4.119022 
Na -2.319274 0.994965 -1.996833 
Na 2.841747 4.806948 -1.568656 
Na 1.913956 6.330756 3.400053 
Na 1.519864 -3.747590 2.185958 
Na 1.848263 3.995140 5.051635 
Na -2.709723 6.037038 -0.961474 
Na 4.710675 0.450994 -2.130717 
Na 0.610728 -5.529142 1.621693 
Na -4.703314 3.819121 -1.883167 
Na 6.799302 -0.203447 1.340763 
Na -0.754752 5.677445 0.884839 
Na 3.998142 2.489682 -1.850106 
Na 4.628935 -3.129722 -3.483094 
Na 1.869411 -3.887512 -4.329104 
Na 1.454795 -1.886561 2.158929 
Na 0.945771 -5.979147 0.448909 
Na -3.798961 -6.331524 -0.335709 
Na -2.027728 -0.218724 -0.169612 
Na -2.790103 6.613728 1.944582 
Na -2.922365 -4.685233 3.113058 
Na -5.416339 -1.216789 0.438647 
Na -5.084921 -4.640254 1.979448 
Na -0.383225 -4.046813 -2.110341 
Na 1.978295 5.320998 -4.897230 
Na -4.947159 -3.630482 -2.917611 
Na 2.131328 -2.389816 6.581915 
Na 2.000435 5.157918 2.252626 
Na 1.713992 1.784121 -2.236580 
Na -1.679333 -3.856030 -3.881749 
Na 3.259625 -2.163348 -1.186644 
Na -1.436291 -3.421244 1.150499 
Na 1.098811 6.079191 -1.191583 
Na -4.453215 1.856120 -0.237394 
Na -0.834964 -2.384255 5.099258 
Na 1.729356 5.405302 4.189856 
Na -2.389403 0.117123 3.661720 
Na -5.576915 -4.450119 0.680570 
Na -5.351731 4.910730 0.792068 
Na 0.557156 2.348070 6.525389 
Na -3.552610 -0.463986 -2.000099 
Na 0.868371 2.522961 3.592865 
Na -1.238482 5.763536 1.939299 
Na 4.119007 1.020621 -4.453353 
Cl 3.144396 2.232180 -0.375927 
Cl 3.457765 4.190097 3.331372 
Cl -0.446818 -2.441533 -1.645667 
Cl -4.353954 2.347348 -4.699620 
Cl 0.781566 2.037258 -6.878304 
Cl -6.019856 -1.343735 1.642317 
Cl -2.973209 -5.699340 -3.625503 
Cl 4.150864 1.875747 4.008093 
Cl -0.714143 3.291377 -2.720825 
Cl 0.971561 -1.509395 -2.815010 
Cl 3.771941 0.779397 5.001787 
Cl 5.666636 -0.378336 4.080102 
Cl 0.588881 -1.089834 6.574286 
Cl 4.463378 -4.438970 0.950033 
Cl 0.971471 1.261384 0.783644 
Cl -1.160275 -4.335532 -0.580421 
Cl -1.637643 0.407970 -1.310419 
Cl -4.135855 -1.425393 5.811245 
Cl -4.164767 3.934920 -0.491985 
Cl -5.090482 0.898298 2.569045 
Cl -3.356805 -4.069681 -3.122331 
Cl 0.718216 2.270044 0.042137 
Cl -3.262440 -2.326087 -4.339256 
Cl -4.951195 -2.381840 0.060219 
Cl 0.268619 -5.572736 -1.460436 
Cl -2.811574 2.783276 4.257018 
Cl 1.366593 0.831256 6.066786 
Cl -1.547270 5.068816 -3.759302 
Cl 5.079952 -4.257970 -2.946375 
Cl -2.578871 4.611174 -1.021857 
Cl -1.839395 -6.450636 -3.237788 
Cl 0.769849 1.317984 -1.310524 
Cl 2.942824 2.972020 -4.981696 
Cl 5.581006 -3.660860 -0.241146 
Cl -4.865370 1.260269 -3.129971 
Cl 1.612773 6.920874 -2.080607 
Cl -1.600581 -0.380844 -6.645655 
Cl 2.485445 6.121541 -2.068850 
Cl 1.397049 -0.120442 1.789748 
Cl -4.576153 -3.068222 0.901481 
Cl 1.479840 5.348849 -2.984168 
Cl -4.649901 0.958047 -1.136202 
Cl 4.639846 -0.774876 0.356129 
Cl -1.649532 2.911594 0.223446 
Cl -0.248188 5.835441 4.655224 
Cl -6.846707 -1.039064 -0.013579 
Cl 4.719003 -1.876336 1.375499 
Cl -1.041684 0.444284 0.936497 
Cl -2.057444 3.294382 -5.605456 
Cl 4.306353 0.434229 1.119669 
