101

Na 1.0 6.793139 -12.332046 -9.531436 
Na 1.0 -3.210982 9.934577 4.232823 
Na 1.0 -4.082125 -12.693303 4.634214 
Na 1.0 -9.014592 -1.516987 -10.048443 
Na 1.0 -2.244190 8.420711 11.088156 
Na 1.0 3.477619 7.982964 10.624260 
Na 1.0 -7.386453 6.896687 4.224791 
Na 1.0 -11.987722 -3.178878 2.337893 
Na 1.0 13.051438 1.966744 -5.986803 
Na 1.0 6.664218 7.089373 -10.404411 
Na 1.0 -9.176414 -6.168722 4.199169 
Na 1.0 7.616589 -11.540804 2.589877 
Na 1.0 -11.947982 7.156609 -3.016426 
Na 1.0 7.251186 -0.553740 12.190972 
Na 1.0 -3.059670 0.716737 -11.343285 
Na 1.0 -3.648671 4.469790 10.407477 
Na 1.0 -1.226726 -1.038966 14.419490 
Na 1.0 5.525141 -8.689699 -7.631054 
Na 1.0 7.137354 8.739697 3.250265 
Na 1.0 3.666202 -13.852523 -0.816085 
Na 1.0 4.116115 13.113553 -0.058562 
Na 1.0 -7.801110 0.967848 8.203240 
Na 1.0 6.494188 9.616003 8.023390 
Na 1.0 0.487889 11.836803 -5.218537 
Na 1.0 -13.305209 -6.459630 -2.155711 
Na 1.0 7.641019 -9.033936 -3.392178 
Na 1.0 -6.859880 -9.665002 7.464997 
Na 1.0 2.921583 -1.173451 11.500690 
Na 1.0 11.515183 -6.837640 -3.992876 
Na 1.0 -6.876996 -6.841204 -6.532625 
Na 1.0 -14.558507 1.862686 0.105567 
Na 1.0 12.769933 1.763792 3.764875 
Na 1.0 2.244432 -5.766375 13.102293 
Na 1.0 7.699370 7.760419 -4.774991 
Na 1.0 -0.308484 -10.341403 -5.602846 
Na 1.0 -0.032846 -8.364330 10.604587 
Na 1.0 4.884715 -3.190537 -10.104990 
Na 1.0 -12.203905 -0.126777 -6.262763 
Na 1.0 -8.212219 -1.850889 11.879537 
Na 1.0 4.630045 3.378569 -11.232831 
Na 1.0 9.828932 -0.287918 -8.040428 
Na 1.0 -9.014864 -3.013576 -5.414385 
Na 1.0 3.833348 -13.585258 4.901986 
Na 1.0 -3.835724 -5.772164 -9.203476 
Na 1.0 12.374375 7.026996 -2.291785 
Na 1.0 -6.987816 -12.203212 1.289122 
Na 1.0 8.000146 -6.345806 9.803509 
Na 1.0 2.964659 6.693049 -7.934593 
Na 1.0 -12.453354 3.332547 5.424460 
Na 1.0 8.184192 -4.031475 6.540915 
Na 1.0 11.093952 0.773584 0.218943 
Na 1.0 3.396501 -9.912622 1.597708 
Na 1.0 -1.377192 -9.263761 6.683873 
Na 1.0 0.751407 -6.154965 -8.990331 
Na 1.0 -10.332777 4.991210 -9.652788 
Cl 1.0 -1.008633 -11.865053 1.852362 
Cl -1.0 4.270349 11.683974 -7.305827 
Cl -1.0 -3.757004 9.678204 -4.204320 
Cl -1.0 6.971072 4.398647 9.971300 
Cl -1.0 6.070562 -7.974669 3.970186 
Cl -1.0 -6.582409 13.344405 1.386804 
Cl -1.0 -9.123457 6.414992 -6.040882 
Cl -1.0 -0.339643 11.641929 0.264424 
Cl -1.0 -3.475408 14.155490 -1.253713 
Cl -1.0 1.742962 3.161281 13.043014 
Cl -1.0 -3.790440 7.336697 -11.049936 
Cl -1.0 4.327796 -8.281188 9.783609 
Cl -1.0 1.839441 12.570528 4.118855 
Cl -1.0 -3.337136 -5.081096 10.275184 
Cl -1.0 12.718218 -5.425646 5.651018 
Cl -1.0 -11.118064 8.798999 1.224906 
Cl -1.0 -6.443695 3.931599 -12.604283 
Cl -1.0 -1.251999 8.637090 -7.691409 
Cl -1.0 3.222890 -9.545906 -3.032575 
Cl -1.0 -5.767417 -11.899498 -3.935248 
Cl -1.0 8.729089 5.042094 3.685773 
Cl -1.0 -10.553669 -3.764682 8.002472 
Cl -1.0 8.629983 2.760507 -10.942719 
Cl -1.0 10.613360 -8.781697 4.914813 
Cl -1.0 -9.646539 -9.615686 -5.401909 
Cl -1.0 9.349075 -4.636994 1.897515 
Cl -1.0 -4.806191 1.255010 12.665908 
Cl -1.0 -10.690539 -9.619947 1.073491 
Cl -1.0 0.963285 11.707783 8.712903 
Cl -1.0 -0.800496 -4.448373 -14.026948 
Cl -1.0 8.147276 1.838720 6.891921 
Cl -1.0 1.449233 0.000235 -11.721047 
Cl -1.0 12.513409 6.317273 3.945620 
Cl -1.0 13.486680 -3.040700 -1.114982 
Cl -1.0 1.332060 10.429801 -10.606322 
Cl -1.0 -7.026442 10.244320 -7.278402 
Cl -1.0 -2.206578 -10.369389 -9.921322 
Cl -1.0 -9.057371 5.302424 10.319746 
Cl -1.0 8.266301 12.393003 0.953281 
Cl -1.0 -6.025653 -1.446723 -13.520419 
Cl -1.0 4.174560 -8.328543 -11.710043 
Cl -1.0 -6.925239 -6.782289 11.071659 
Cl -1.0 -6.745300 8.494955 -1.599679 
Cl -1.0 5.311269 0.088351 -14.004073 
Cl -1.0 -6.871976 2.110483 -8.592320 
Cla 10.0 0.000000 0.000000 0.000000 
