91

Na 1.0 -4.046742 -0.842777 -1.704646 
Na 1.0 -1.401752 -4.044219 -6.951833 
Na 1.0 4.394977 1.537769 3.477585 
Na 1.0 -1.655008 -6.312843 5.093851 
Na 1.0 8.311305 -4.453585 0.402399 
Na 1.0 3.561281 4.964009 -2.963071 
Na 1.0 -7.844517 -0.379434 2.975847 
Na 1.0 -4.973357 5.755407 -2.467832 
Na 1.0 1.563572 2.364855 -7.242242 
Na 1.0 1.176478 3.320812 -7.692122 
Na 1.0 -0.483920 -6.330772 -3.939830 
Na 1.0 -5.981070 3.778514 0.312974 
Na 1.0 2.763464 -0.807485 -8.098194 
Na 1.0 7.460243 2.935578 3.160932 
Na 1.0 5.814419 -3.468051 5.040023 
Na 1.0 -7.086356 4.783056 -1.653973 
Na 1.0 -5.684550 -0.137903 -3.345051 
Na 1.0 2.559971 2.896231 5.305565 
Na 1.0 -1.900005 -2.054847 -7.945370 
Na 1.0 -0.130969 -6.761778 -0.485253 
Na 1.0 -0.456442 1.596251 -8.506205 
Na 1.0 -6.503401 0.767253 5.810093 
Na 1.0 3.695347 -7.111394 3.112741 
Na 1.0 -1.303677 1.680754 -7.403592 
Na 1.0 3.807976 -5.860235 2.074451 
Na 1.0 7.486806 -0.809217 -4.403709 
Na 1.0 5.816491 -6.613870 -2.015103 
Na 1.0 -0.570769 -4.572497 4.188952 
Na 1.0 2.404069 3.623826 -3.630294 
Na 1.0 -3.746852 -7.420296 2.829023 
Cl -1.0 -3.727248 3.247874 4.437814 
Cl -1.0 -0.969422 3.930792 -3.909838 
Cl -1.0 6.276126 1.744103 1.367351 
Cl -1.0 -6.854168 -3.255421 0.025537 
Cl -1.0 4.013618 2.449176 7.819278 
Cl -1.0 -1.048568 -8.020246 2.250070 
Cl -1.0 4.541594 -4.635590 -1.642425 
Cl -1.0 -5.289404 -1.527328 1.862689 
Cl -1.0 6.526618 0.559845 1.202722 
Cl -1.0 4.270143 -2.664029 -6.553176 
Cl -1.0 5.663031 0.077134 0.114680 
Cl -1.0 -6.273865 -4.224654 -0.759721 
Cl -1.0 -7.954587 4.226778 0.720034 
Cl -1.0 3.795483 -0.731628 5.584443 
Cl -1.0 -7.346942 -5.450924 -0.045162 
Cl -1.0 5.967633 -4.213710 -1.012645 
Cl -1.0 0.423263 -8.988311 -2.356009 
Cl -1.0 -2.785634 -5.762176 2.919337 
Cl -1.0 5.954646 -4.216763 -2.353885 
Cl -1.0 1.141471 -7.195644 5.009524 
Cl -1.0 -3.716465 8.038104 -2.133646 
Cl -1.0 -6.236526 -5.073448 4.460088 
Cl -1.0 3.950271 -1.218016 -6.398832 
Cl -1.0 -4.974249 -4.637038 3.667771 
Cl -1.0 -3.714366 -2.379757 4.568245 
Cl -1.0 3.031005 2.043322 -5.069913 
Cl -1.0 -2.724741 -8.141345 -3.983182 
Cl -1.0 -3.866674 -0.504243 -8.649876 
Cl -1.0 -2.054779 -0.290382 9.093117 
Cl -1.0 3.837204 -6.759378 1.636439 
Cl -1.0 -4.702790 -2.804464 -1.577841 
Cl -1.0 4.902583 -3.312957 -2.944322 
Cl -1.0 5.880396 -4.032565 2.015867 
Cl -1.0 -2.860978 8.719186 -1.060903 
Cl -1.0 3.404597 6.410526 -2.376450 
Cl -1.0 -4.573241 -2.705028 -5.955123 
Cl -1.0 -5.202898 2.321378 1.858963 
Cl -1.0 1.614646 0.130312 -8.536556 
Cl -1.0 -2.735797 4.465241 1.959380 
Cl -1.0 5.845693 3.620443 -3.940626 
Cl -1.0 4.437391 4.958949 5.306036 
Cl -1.0 5.400835 -0.216439 -4.262572 
Cl -1.0 7.811653 -4.751525 -1.427493 
Cl -1.0 -1.157611 -0.512018 8.208877 
Cl -1.0 -1.765491 -7.599757 5.326111 
Cl -1.0 -4.362870 0.742631 -4.685907 
Cl -1.0 -5.653993 2.753635 -2.427048 
Cl -1.0 5.548685 -2.919939 -3.822496 
Cl -1.0 7.130331 1.843782 -0.759183 
Cl -1.0 1.171856 -5.163243 3.509405 
Cl -1.0 5.985949 -1.317236 -3.236960 
Cl -1.0 -5.941100 -5.268552 3.343101 
Cl -1.0 5.270208 -6.067532 -0.019373 
Cl -1.0 -1.698418 7.615856 -5.031993 
Cl -1.0 4.564621 -7.825243 -0.800544 
Cl -1.0 -1.283316 -5.036828 -2.851908 
Cl -1.0 7.632867 2.487427 -3.985059 
Cl -1.0 0.381727 -5.487170 5.972992 
Cl -1.0 3.733722 -2.472732 5.315166 
Cl -1.0 -5.933351 0.744891 4.461247 
Cla 30.0 0.000000 0.000000 0.000000 
