111

Na 1.0 -3.354030 9.448713 12.376165 
Na 1.0 1.281702 -17.241076 -0.351105 
Na 1.0 -5.353296 11.281080 -6.834627 
Na 1.0 -14.961297 -5.329673 8.836536 
Na 1.0 -0.195445 -12.011043 -1.325811 
Na 1.0 6.563499 10.705320 10.653631 
Na 1.0 -4.099965 4.101980 -12.626457 
Na 1.0 -9.516435 -13.872310 8.022768 
Na 1.0 10.916678 -9.901244 5.384506 
Na 1.0 15.442018 -5.892390 -8.433097 
Na 1.0 7.770986 -3.569540 -16.755703 
Na 1.0 -8.118966 11.418684 8.910913 
Na 1.0 5.891511 -11.053448 -13.780825 
Na 1.0 -3.093229 -9.260507 12.652383 
Na 1.0 10.314046 15.845746 -2.084574 
Na 1.0 4.850259 11.787764 11.523036 
Na 1.0 -1.374008 -17.131735 1.439061 
Na 1.0 -13.849315 -0.724963 11.678554 
Na 1.0 -0.530366 19.368880 1.968236 
Na 1.0 -6.968514 8.891969 -1.050111 
Na 1.0 8.225237 -10.781121 -1.958034 
Na 1.0 -9.306527 0.211550 -5.671991 
Na 1.0 -13.312770 -1.023936 12.795382 
Na 1.0 12.051109 6.558065 9.619150 
Na 1.0 9.357696 -1.849510 -6.639567 
Na 1.0 -8.363098 13.936781 -0.303316 
Na 1.0 9.309988 2.662018 8.415564 
Na 1.0 1.679964 -13.924050 -11.215170 
Na 1.0 10.955473 -7.736820 7.260894 
Na 1.0 -10.245288 4.272412 10.467734 
Cl -1.0 -5.013303 -8.354906 15.192215 
Cl -1.0 -14.565864 2.781996 9.628996 
Cl -1.0 4.630821 -7.408015 -7.208987 
Cl -1.0 -6.453616 -0.056060 -13.853496 
Cl -1.0 10.458329 12.579376 3.485634 
Cl -1.0 -6.903374 5.958804 -5.890542 
Cl -1.0 1.714850 18.193098 -2.727885 
Cl -1.0 1.515049 -6.320205 8.417209 
Cl -1.0 -0.372727 -3.208864 -15.764871 
Cl -1.0 0.481864 -11.857814 -4.231361 
Cl -1.0 -9.722390 4.582553 7.005483 
Cl -1.0 7.166138 10.141127 2.543961 
Cl -1.0 0.551489 12.038408 7.722695 
Cl -1.0 -1.010102 -6.979727 15.364881 
Cl -1.0 14.258536 -10.790925 5.635958 
Cl -1.0 -7.070015 -17.295439 -0.316182 
Cl -1.0 -6.384736 -1.828505 -16.511315 
Cl -1.0 -4.541566 -3.205040 -16.101788 
Cl -1.0 -6.906737 -7.461093 10.978798 
Cl -1.0 16.180838 5.787341 -6.791854 
Cl -1.0 -8.679541 -11.176039 12.740209 
Cl -1.0 4.406674 1.253946 14.944770 
Cl -1.0 -12.420823 7.283683 -1.046103 
Cl -1.0 -15.392799 -2.464352 7.236275 
Cl -1.0 9.318977 1.262962 -11.185254 
Cl -1.0 2.559185 -13.830363 9.568693 
Cl -1.0 -1.996045 -9.739871 4.437902 
Cl -1.0 11.120220 -2.660694 -7.778415 
Cl -1.0 -9.425883 -1.951705 -5.036299 
Cl -1.0 -13.677025 2.155495 11.999349 
Cl -1.0 13.059250 5.203085 2.628260 
Cl -1.0 12.834432 -0.270527 -5.926871 
Cl -1.0 4.138418 -1.745068 -17.801164 
Cl -1.0 4.041872 -8.509127 6.173373 
Cl -1.0 -8.772842 7.387965 6.377163 
Cl -1.0 -16.273492 0.947215 -7.919752 
Cl -1.0 5.854768 -5.718353 11.309721 
Cl -1.0 -12.827626 -9.094383 0.727399 
Cl -1.0 -4.919620 14.051459 -7.911074 
Cl -1.0 -15.567169 10.623350 -3.729256 
Cl -1.0 15.242552 10.551247 -5.309191 
Cl -1.0 -2.864528 14.698871 0.992539 
Cl -1.0 11.331270 12.526876 7.303195 
Cl -1.0 -9.908888 12.202259 -10.522208 
Cl -1.0 5.753862 -6.278536 8.228976 
Cl -1.0 -12.753599 4.010853 8.903268 
Cl -1.0 -2.915791 -10.337509 -1.110150 
Cl -1.0 15.010753 -0.746397 -8.407891 
Cl -1.0 14.466385 -4.558362 10.101828 
Cl -1.0 14.051371 -8.982123 6.687820 
Cl -1.0 -3.689549 -15.981860 4.420137 
Cl -1.0 7.143862 -9.616638 -10.075249 
Cl -1.0 6.727394 -3.473023 14.371940 
Cl -1.0 17.761206 5.239500 5.805140 
Cl -1.0 8.363033 -0.209129 16.323017 
Cl -1.0 -4.449147 -12.127653 13.094757 
Cl -1.0 -4.039863 3.682798 16.612897 
Cl -1.0 -9.432715 2.574090 -13.810471 
Cl -1.0 11.459516 6.927305 12.099167 
Cl -1.0 3.000098 -6.749632 7.902652 
Cl -1.0 -0.176885 8.301221 15.274999 
Cl -1.0 -6.582128 -15.238642 -0.542204 
Cl -1.0 -13.072237 -4.902911 -11.831307 
Cl -1.0 -4.900880 12.888061 1.222127 
Cl -1.0 -13.416818 -6.416883 -1.140169 
Cl -1.0 9.760833 -13.175896 -8.077591 
Cl -1.0 -10.281371 -3.145127 -3.435959 
Cl -1.0 -9.063586 4.463690 -7.203255 
Cl -1.0 -1.394893 -12.536357 -0.646650 
Cl -1.0 6.553577 -9.135987 -3.862117 
Cl -1.0 14.087890 -7.940369 -7.209934 
Cl -1.0 -12.615365 10.164738 -0.246292 
Cl -1.0 16.155790 -1.216114 -2.326601 
Cl -1.0 -13.053761 -4.327880 -1.203385 
Cl -1.0 -12.437320 -2.855355 1.020984 
Cl -1.0 6.816389 -16.117370 4.886826 
Cl -1.0 -9.016506 -15.334148 2.997671 
Cl -1.0 -1.048525 2.377225 -17.788034 
Cl -1.0 -12.542192 -5.934589 -8.776303 
Cl -1.0 6.475623 -9.278799 9.507584 
Cla 50.0 0.000000 0.000000 0.000000 
