111

Na 1.0 6.987653 5.791233 -5.820918 
Na 1.0 -13.435717 -6.072805 7.926283 
Na 1.0 10.663474 6.063348 -7.972885 
Na 1.0 -11.167026 3.268653 7.472233 
Na 1.0 18.333731 2.920906 -2.440273 
Na 1.0 -1.573499 -3.255454 14.616784 
Na 1.0 -9.157045 -13.671505 2.645387 
Na 1.0 2.775762 -7.607222 16.072582 
Na 1.0 -8.797954 -16.443748 2.635929 
Na 1.0 2.729160 13.511004 -3.730764 
Na 1.0 -1.222371 -6.901505 9.399584 
Na 1.0 -13.250138 -8.067774 -7.179510 
Na 1.0 6.542441 -5.732704 -14.215799 
Na 1.0 -12.562482 12.193797 2.028747 
Na 1.0 6.308368 -7.187214 -5.318710 
Na 1.0 -8.357638 -14.621539 0.655030 
Na 1.0 -7.734091 8.964098 13.933908 
Na 1.0 -6.151295 -4.227534 -12.753306 
Na 1.0 8.029995 11.480419 5.809341 
Na 1.0 -17.026379 -3.768985 -1.403743 
Na 1.0 -14.928972 -2.762631 -4.551547 
Na 1.0 0.830656 2.807175 -16.660398 
Na 1.0 15.818344 3.370423 -3.137172 
Na 1.0 8.874379 6.043930 8.852107 
Na 1.0 -1.944042 8.517551 -14.416878 
Na 1.0 -7.899333 12.450810 2.592961 
Na 1.0 5.955619 9.640996 13.757773 
Na 1.0 -5.468832 0.655494 14.174796 
Na 1.0 4.527741 -4.636004 -9.144819 
Na 1.0 -1.214485 18.780756 1.326833 
Cl -1.0 -9.328780 4.919743 -11.874053 
Cl -1.0 14.513694 4.892730 -1.713933 
Cl -1.0 2.339907 6.907604 14.110760 
Cl -1.0 2.671948 1.053062 12.073963 
Cl -1.0 -2.884305 12.322781 -12.416048 
Cl -1.0 4.741643 7.336475 11.976681 
Cl -1.0 14.538933 -7.097026 1.112830 
Cl -1.0 -1.527750 5.656906 14.108092 
Cl -1.0 12.670518 -3.621834 -6.216924 
Cl -1.0 6.875743 -8.582901 6.186050 
Cl -1.0 1.237346 0.444901 10.822554 
Cl -1.0 -4.154562 15.263486 -1.015851 
Cl -1.0 -1.081077 13.683401 -11.685296 
Cl -1.0 12.201999 1.059144 -0.768198 
Cl -1.0 -13.525776 0.087891 4.781334 
Cl -1.0 12.104825 -11.429857 -9.828467 
Cl -1.0 2.582093 -11.614476 -9.509420 
Cl -1.0 12.604713 2.503361 -14.313137 
Cl -1.0 0.151219 13.593409 -4.206277 
Cl -1.0 4.731147 -2.799893 -9.385655 
Cl -1.0 2.146390 -14.276271 5.970079 
Cl -1.0 -1.001171 2.998127 15.148761 
Cl -1.0 1.038559 -16.400842 9.309803 
Cl -1.0 -3.079826 7.830306 -12.990090 
Cl -1.0 13.118940 -1.000544 -0.872957 
Cl -1.0 9.284600 -10.415762 3.709301 
Cl -1.0 -9.771999 8.083066 -12.792572 
Cl -1.0 14.618933 -5.133539 -6.544069 
Cl -1.0 16.946785 -7.559906 0.101131 
Cl -1.0 -18.575401 0.947926 -5.289253 
Cl -1.0 -6.418807 -7.207515 -9.516981 
Cl -1.0 -4.788215 -17.422915 -0.432744 
Cl -1.0 10.227454 8.168162 6.452473 
Cl -1.0 -8.069739 -17.311226 2.351537 
Cl -1.0 -12.112015 -3.305433 -3.908052 
Cl -1.0 -2.128996 11.406352 -1.830966 
Cl -1.0 -12.933193 -7.558763 0.456749 
Cl -1.0 2.911492 -18.117546 -2.313735 
Cl -1.0 -2.504716 3.439038 11.469374 
Cl -1.0 -1.869201 -6.194474 -14.127559 
Cl -1.0 6.273952 -3.667632 12.155829 
Cl -1.0 17.927361 -5.651236 1.528466 
Cl -1.0 9.896736 10.236615 -3.102235 
Cl -1.0 4.054884 8.976002 -14.555698 
Cl -1.0 14.792495 -10.354349 -5.315650 
Cl -1.0 9.020643 6.149355 4.659680 
Cl -1.0 -0.284878 1.933054 11.909206 
Cl -1.0 -17.063986 2.606839 2.045711 
Cl -1.0 -16.951501 0.136589 -0.289370 
Cl -1.0 -10.564552 1.273947 -5.525664 
Cl -1.0 -18.155346 -2.113165 0.462274 
Cl -1.0 2.729862 -0.555976 -11.723382 
Cl -1.0 15.129923 1.880038 10.383456 
Cl -1.0 5.616308 -3.961559 10.259794 
Cl -1.0 13.392925 -8.331637 -7.360168 
Cl -1.0 4.276382 8.843997 -8.359766 
Cl -1.0 15.672487 -9.374272 -5.626372 
Cl -1.0 -6.507355 -12.602407 -7.832279 
Cl -1.0 9.392337 8.847633 -7.021336 
Cl -1.0 12.291963 -12.483060 -6.508976 
Cl -1.0 -2.878668 17.671987 6.890135 
Cl -1.0 -8.151033 15.381233 -8.750075 
Cl -1.0 -10.453474 -3.205769 13.086381 
Cl -1.0 2.537550 0.726428 18.534934 
Cl -1.0 -2.570464 13.516132 11.051396 
Cl -1.0 -5.054602 -15.441868 8.292352 
Cl -1.0 -0.875753 -16.510207 -6.784875 
Cl -1.0 2.453130 7.889292 16.717393 
Cl -1.0 -1.805445 3.108141 13.899455 
Cl -1.0 -2.779492 -2.998786 -10.012199 
Cl -1.0 13.707806 3.221589 11.435844 
Cl -1.0 10.925200 11.744160 8.871663 
Cl -1.0 -1.637367 3.250007 -10.312194 
Cl -1.0 -7.090034 10.292764 10.941372 
Cl -1.0 -6.533275 -8.214554 11.709831 
Cl -1.0 -2.986722 -14.006748 -4.568580 
Cl -1.0 6.023615 13.290841 10.373494 
Cl -1.0 12.823719 -7.846525 -5.876499 
Cl -1.0 -16.988475 0.676185 -4.431937 
Cl -1.0 8.982275 -2.909627 -7.672674 
Cla 50.0 0.000000 0.000000 0.000000 
