100

Na -1.352698 -0.668673 -0.210968 
Na -5.389249 -3.911840 4.531747 
Na 3.089324 0.138329 -2.881583 
Na 6.490574 4.466130 -4.383657 
Na 4.321525 7.501138 -2.561892 
Na -4.543169 2.846869 -5.472047 
Na -2.119117 4.521771 6.523924 
Na -5.765312 -0.091381 -2.702959 
Na 0.266349 6.703223 5.459695 
Na 4.376159 4.403298 1.686184 
Na -8.005424 4.074085 1.701363 
Na -3.506626 1.064659 -3.332506 
Na 1.609717 -4.113817 -5.331368 
Na 4.518514 4.728491 -2.639448 
Na 2.887371 2.831582 -5.688606 
Na 7.056002 1.879407 4.654408 
Na 2.031481 -4.737400 4.192976 
Na 0.456692 7.649970 -2.475441 
Na -0.577506 0.277475 4.359151 
Na -1.670982 0.884472 -6.595931 
Na 3.979968 -5.114235 -5.904052 
Na 0.202406 3.472636 0.925479 
Na -5.104618 -5.570672 -0.924551 
Na 1.323907 -1.880092 4.558897 
Na -3.816941 0.920708 1.945146 
Na 5.597097 2.112119 -3.602479 
Na -3.406223 3.409779 7.937984 
Na 0.802292 -4.261138 7.281102 
Na -5.340836 -1.017289 -5.401576 
Na 1.163206 0.762866 -2.368749 
Na 7.060727 0.356627 -1.927613 
Na -4.039523 -5.780984 0.785490 
Na -3.462583 -2.403760 4.433969 
Na 4.501295 2.028275 0.995773 
Na 4.400300 -0.689958 3.171631 
Na -2.282161 -7.519141 2.629725 
Na -0.763838 -4.817846 -0.920843 
Na -5.706534 5.271274 3.207962 
Na -4.190361 3.988374 5.325519 
Na 6.305412 -1.242131 3.891211 
Na 8.977020 1.426232 2.127372 
Na -6.292798 5.377951 1.208208 
Na 3.721187 -1.819092 -1.348761 
Na 0.512104 -6.162295 -3.805936 
Na -5.975284 -2.166007 7.054775 
Na -7.128710 1.041195 2.932727 
Na 3.579498 7.571891 4.231193 
Na -1.896897 4.496309 -4.215304 
Na 5.112156 -1.805639 -4.526234 
Na 7.105684 -4.921005 1.344032 
Cl 3.310639 4.731426 -0.455692 
Cl 5.860642 -0.216630 -3.545144 
Cl -2.837426 -1.867499 -3.905922 
Cl -4.083225 -3.374053 1.459199 
Cl 7.639535 4.180026 -2.487149 
Cl 6.206821 -4.403651 -2.676729 
Cl 0.613234 -1.850938 7.736276 
Cl -1.346040 -3.224895 -5.279700 
Cl 7.342104 -3.262469 4.256800 
Cl 4.167769 -6.720701 2.701323 
Cl -2.067455 4.593270 -0.871082 
Cl -4.690548 -3.874815 -3.973897 
Cl -0.000672 1.136813 9.051914 
Cl 5.525431 0.703065 -6.506418 
Cl 0.844181 4.829688 4.939529 
Cl -6.091121 -1.945080 2.823288 
Cl 5.039029 -6.446676 -1.936067 
Cl 0.478558 5.088876 -1.219621 
Cl -7.514397 -1.304344 5.331906 
Cl 3.068574 3.294196 5.516456 
Cl -3.104653 -3.651033 7.288127 
Cl -7.347323 -4.599651 -3.491244 
Cl -2.613963 5.257340 1.244552 
Cl -1.422691 3.254544 -6.519848 
Cl -3.634564 -1.847475 -6.974300 
Cl 6.128537 -1.962163 6.897731 
Cl 3.019090 1.567454 2.940753 
Cl 6.535420 -5.237148 -0.737104 
Cl 0.979202 -3.064196 -3.439116 
Cl -1.623067 5.848893 3.734716 
Cl 1.400576 -3.101517 -8.214927 
Cl -2.306403 -1.719872 -8.721159 
Cl -1.701925 -5.232146 -7.630171 
Cl -4.179655 -3.828286 -6.502568 
Cl -5.659173 -5.451008 -4.735785 
Cl 1.657316 -1.734716 -6.578361 
Cl -1.150752 -8.762668 1.193422 
Cl 3.694743 -0.964593 5.461275 
Cl 1.818036 5.164377 0.953841 
Cl 2.081579 0.214411 4.795679 
Cl -3.657576 7.774950 1.887376 
Cl 3.937197 0.964400 -8.554708 
Cl -4.544505 6.648614 4.444193 
Cl 3.116294 2.298080 -2.756710 
Cl -4.643602 7.439015 -0.062424 
Cl -1.886126 1.876212 -8.598024 
Cl -5.306690 0.700605 7.578682 
Cl -3.619207 -7.614029 -0.977493 
Cl 1.959964 -7.007765 -2.625336 
Cl 4.183596 -1.682249 7.780292 
