101

Na 1.0 13.518255 -4.362290 -13.738425 
Na 1.0 -2.687898 3.003657 -14.302544 
Na 1.0 -10.702455 -2.986068 6.229572 
Na 1.0 -0.582963 -8.497358 14.831593 
Na 1.0 2.557759 15.648694 -5.419388 
Na 1.0 5.467051 4.054084 -14.829730 
Na 1.0 -9.514370 -13.633375 4.382930 
Na 1.0 -6.053154 -13.023207 -1.799441 
Na 1.0 13.790835 -7.043385 -7.180807 
Na 1.0 11.067490 -13.336758 3.385141 
Na 1.0 -7.304890 -6.010368 12.582592 
Na 1.0 -7.900457 -6.705243 -14.037127 
Na 1.0 -11.027180 -0.020684 -7.127832 
Na 1.0 -9.787278 -6.953194 -2.464590 
Na 1.0 11.597863 -10.467987 8.934153 
Na 1.0 15.350150 2.200190 -7.417715 
Na 1.0 -0.472536 13.943925 7.792927 
Na 1.0 14.362504 -6.870532 0.819049 
Na 1.0 -6.102086 -13.272669 8.351062 
Na 1.0 3.540278 -13.958654 -5.414477 
Na 1.0 -1.731651 3.447010 17.149555 
Na 1.0 4.986051 15.435267 2.993937 
Na 1.0 -16.515778 -3.037269 -1.062138 
Na 1.0 0.770754 6.959903 -15.351946 
Na 1.0 9.376999 -9.448480 -9.302769 
Na 1.0 10.093601 12.091798 -5.261423 
Na 1.0 -12.239522 8.107568 -6.963349 
Na 1.0 7.615086 7.156960 -10.147777 
Na 1.0 4.099458 16.015658 -0.928838 
Na 1.0 6.747512 7.392657 7.622682 
Na 1.0 15.444743 -0.513742 1.714479 
Na 1.0 -7.816680 4.165382 12.074626 
Na 1.0 -9.631093 7.994061 9.420824 
Na 1.0 -9.705799 6.509018 -9.766080 
Na 1.0 -2.484322 -8.701472 -9.168806 
Na 1.0 -6.287149 15.326304 1.888951 
Na 1.0 13.567300 7.289010 8.978603 
Na 1.0 7.029415 11.001100 -8.855036 
Na 1.0 -5.153953 11.383364 -10.302632 
Na 1.0 0.584403 -1.381043 -15.542892 
Na 1.0 -5.704818 9.189648 10.964651 
Na 1.0 2.525622 -8.225949 -8.416392 
Na 1.0 4.982730 -10.833155 7.667125 
Na 1.0 12.060900 1.534777 -1.840501 
Na 1.0 -3.760086 -13.077941 4.134535 
Na 1.0 7.432096 -2.499238 10.429985 
Na 1.0 -12.964846 0.412225 0.908440 
Na 1.0 10.981323 -2.019997 -5.669904 
Na 1.0 -0.954847 -2.981720 13.350837 
Na 1.0 2.906066 -3.056342 16.677087 
Na 1.0 -8.162798 -10.207145 -7.942455 
Na 1.0 12.644934 -4.385834 10.236399 
Na 1.0 -9.793000 -11.586949 9.331461 
Na 1.0 -1.919690 -1.749748 17.124315 
Na 1.0 -14.014780 -7.291942 3.350853 
Cl 1.0 -9.151608 0.915057 9.763904 
Cl -1.0 -2.610262 13.978352 -5.956961 
Cl -1.0 1.158287 -10.023680 -12.737233 
Cl -1.0 -4.063762 -11.312730 12.234351 
Cl -1.0 1.807304 -14.840360 4.892945 
Cl -1.0 11.495911 5.296590 3.197837 
Cl -1.0 -10.191237 13.533369 -0.067245 
Cl -1.0 10.986123 11.060525 1.489479 
Cl -1.0 0.748780 -6.145062 -11.667918 
Cl -1.0 3.482295 -11.676156 -0.616204 
Cl -1.0 -3.272578 -5.118761 -12.006905 
Cl -1.0 -14.161827 -7.975542 -1.656189 
Cl -1.0 1.852702 1.095106 12.901814 
Cl -1.0 10.219521 -2.017975 -11.612337 
Cl -1.0 -10.776009 -3.524244 -11.599141 
Cl -1.0 -7.775436 8.432884 -12.968318 
Cl -1.0 2.711644 7.408687 11.736305 
Cl -1.0 11.062026 0.393546 8.925493 
Cl -1.0 -9.000690 -9.873136 2.049304 
Cl -1.0 -4.936797 -1.118904 -16.966391 
Cl -1.0 11.801163 4.226459 11.272834 
Cl -1.0 -6.262781 -0.472274 13.262049 
Cl -1.0 4.277269 10.097313 -5.781223 
Cl -1.0 -4.804518 -9.117247 6.720247 
Cl -1.0 12.366083 -5.209829 6.109386 
Cl -1.0 2.531194 4.735387 16.035745 
Cl -1.0 -10.733875 11.926466 6.179604 
Cl -1.0 7.738948 15.479426 -4.207623 
Cl -1.0 -3.675998 13.595833 4.836473 
Cl -1.0 8.203492 -10.001635 -0.154431 
Cl -1.0 -4.139364 -14.923805 -5.235760 
Cl -1.0 7.847487 9.064032 4.006913 
Cl -1.0 4.195080 -9.025645 12.359675 
Cl -1.0 1.880946 11.991573 12.066918 
Cl -1.0 -14.701363 2.877425 -4.980069 
Cl -1.0 -3.762421 8.653257 7.456977 
Cl -1.0 -15.997656 -0.052265 7.046166 
Cl -1.0 4.537810 -6.133019 -14.836217 
Cl -1.0 7.401304 -15.188547 -4.625635 
Cl -1.0 0.638748 12.489994 3.569577 
Cl -1.0 15.666508 7.787240 1.111672 
Cl -1.0 8.730378 2.950152 -9.516526 
Cl -1.0 -13.085484 -8.362805 -7.443780 
Cl -1.0 -14.798725 8.482805 1.593865 
Cl -1.0 9.238231 10.336414 10.389201 
Cla 10.0 0.000000 0.000000 0.000000 
