101

Na 1.0 6.617008 0.654621 -1.658443 
Na 1.0 -6.734648 3.107574 -3.077065 
Na 1.0 1.982373 1.506143 -8.449696 
Na 1.0 -5.455065 -4.317823 -3.917683 
Na 1.0 -3.237939 2.303844 8.377822 
Na 1.0 3.919510 -4.653461 6.384575 
Na 1.0 6.973199 4.496677 3.545525 
Na 1.0 -3.283673 -4.196327 1.531546 
Na 1.0 -4.405850 4.040044 7.333374 
Na 1.0 5.024930 1.584176 -5.890565 
Na 1.0 5.200805 4.538606 -3.439417 
Na 1.0 3.960029 3.605668 -5.551780 
Na 1.0 -7.636284 -2.429718 3.327353 
Na 1.0 -0.465798 6.183994 -3.218261 
Na 1.0 3.143638 1.884799 -8.179654 
Na 1.0 5.707022 5.201235 4.295129 
Na 1.0 5.434865 -3.793982 -6.660464 
Na 1.0 -3.768548 -8.447540 -0.303415 
Na 1.0 -8.570986 0.586662 -3.619421 
Na 1.0 -0.968901 -6.065479 0.873394 
Na 1.0 -4.770943 -3.635921 7.338931 
Na 1.0 -3.674759 -4.972705 4.281372 
Na 1.0 8.729159 -0.120379 1.425747 
Na 1.0 -2.233320 5.611072 2.478207 
Na 1.0 -6.156156 -5.249159 -2.704830 
Na 1.0 -7.890778 3.281940 0.729691 
Na 1.0 0.321547 -5.853223 -4.085957 
Na 1.0 -5.816944 0.592388 5.123876 
Na 1.0 -2.863580 -3.788830 -3.879100 
Na 1.0 1.040374 0.941115 8.272059 
Na 1.0 4.105244 4.284960 -6.477100 
Na 1.0 -5.202715 1.328774 6.639165 
Na 1.0 -6.430656 -4.065982 1.424124 
Na 1.0 -3.889834 -1.094414 6.276559 
Na 1.0 -5.633585 -0.881555 3.381003 
Na 1.0 0.064464 3.415729 -4.790223 
Na 1.0 -2.796371 6.485074 0.643795 
Na 1.0 -3.553941 -3.525598 6.942764 
Na 1.0 -6.858838 -5.312677 -3.868825 
Na 1.0 8.804644 2.610208 -2.028190 
Na 1.0 0.671015 -5.243577 4.024942 
Na 1.0 -5.736381 -1.377162 -6.356614 
Na 1.0 -7.145600 -4.109068 3.544189 
Na 1.0 2.998195 -5.481315 6.621507 
Na 1.0 0.976422 0.464745 -6.404091 
Na 1.0 -7.629046 3.473245 -0.770680 
Na 1.0 -5.632294 -1.592121 -7.391418 
Na 1.0 -5.429792 -1.593100 -3.313183 
Na 1.0 -3.884954 4.851063 -3.583330 
Na 1.0 4.095311 4.440352 -2.889345 
Na 1.0 0.338498 -6.181185 1.008433 
Na 1.0 6.840440 -0.039804 0.597242 
Na 1.0 1.398956 0.569763 -8.330112 
Na 1.0 0.101732 -4.834926 5.610240 
Na 1.0 0.945598 -6.944660 -1.280613 
Cl 1.0 3.420749 6.947437 -1.908658 
Cl -1.0 -5.065213 -6.151720 -0.886074 
Cl -1.0 5.907824 -1.157155 -1.776166 
Cl -1.0 3.187952 5.656964 4.257875 
Cl -1.0 -5.447639 0.398853 3.129397 
Cl -1.0 7.438815 -5.888943 -0.012541 
Cl -1.0 4.246616 -4.635140 -2.465202 
Cl -1.0 -2.228696 -6.212017 6.511691 
Cl -1.0 0.209280 5.317020 -6.435083 
Cl -1.0 6.348459 3.255834 -2.824025 
Cl -1.0 6.426827 4.555191 1.595113 
Cl -1.0 -5.538376 -3.044122 2.867796 
Cl -1.0 6.642157 -4.157060 -0.161207 
Cl -1.0 4.183050 5.625803 -2.094480 
Cl -1.0 -4.015891 -4.081162 -5.466289 
Cl -1.0 2.149585 -6.939005 -0.123349 
Cl -1.0 -2.355808 -1.812477 7.829551 
Cl -1.0 -4.223938 6.961170 3.229572 
Cl -1.0 -1.905542 -5.793858 -0.055263 
Cl -1.0 5.499978 -7.354270 2.211212 
Cl -1.0 1.270632 -1.870161 7.630049 
Cl -1.0 -0.560583 5.967834 1.929587 
Cl -1.0 -2.994435 -7.756104 -0.609243 
Cl -1.0 7.353428 -4.327425 1.823953 
Cl -1.0 -3.861055 7.977830 -1.119152 
Cl -1.0 7.568532 -4.516605 0.624744 
Cl -1.0 -0.619640 -2.783020 -6.329149 
Cl -1.0 0.882537 4.635048 -4.213367 
Cl -1.0 1.069545 1.715471 5.462729 
Cl -1.0 3.570563 -4.615950 -4.998859 
Cl -1.0 -3.516423 1.022995 -6.521029 
Cl -1.0 -4.010831 6.050816 3.680898 
Cl -1.0 1.407539 -0.660545 -9.293834 
Cl -1.0 4.578390 -1.601962 -4.723426 
Cl -1.0 -0.791551 0.116904 -6.758641 
Cl -1.0 -2.293497 -8.259411 0.863876 
Cl -1.0 -3.682076 1.411006 -4.195232 
Cl -1.0 -3.475910 -3.510604 3.702806 
Cl -1.0 3.953645 -3.637706 -5.213265 
Cl -1.0 -1.089524 -0.932344 9.043748 
Cl -1.0 1.549741 -6.421113 -2.701387 
Cl -1.0 -4.966877 4.291172 -3.581725 
Cl -1.0 1.963892 -3.593351 7.622384 
Cl -1.0 2.748230 -3.978120 -4.417983 
Cl -1.0 -0.378887 -8.330633 1.125699 
Cla 10.0 0.000000 0.000000 0.000000 
