100

Na -2.212794 3.206284 2.800044 
Na -6.869368 2.741988 -0.078059 
Na 3.243476 -4.766208 -4.541374 
Na -3.456378 -0.478640 -3.618343 
Na 1.569770 -0.539915 -0.042601 
Na 4.476540 2.534496 -1.130034 
Na 2.576628 3.165129 -5.888046 
Na -4.036098 -2.479916 0.270507 
Na -4.438560 -2.692818 -4.974341 
Na -0.556903 -5.530773 -2.894316 
Na 4.120322 0.515538 -0.899735 
Na -5.739968 -0.247084 0.066043 
Na 1.491240 3.216818 5.086127 
Na -3.102610 2.487092 -6.334906 
Na 3.409528 6.519307 -1.022047 
Na 1.759215 3.785354 -2.140975 
Na 4.916084 3.577060 3.683195 
Na 5.524235 -4.426062 0.581635 
Na -1.787179 1.331297 3.847955 
Na -1.845677 -0.345301 1.105515 
Na 0.290595 4.823443 -3.589824 
Na 4.731555 -0.438174 -4.695889 
Na -2.186810 5.274646 4.135408 
Na 2.766660 -2.758388 -0.645666 
Na -0.698342 3.181828 6.417304 
Na -0.711106 -2.485357 3.699011 
Na 1.649870 -3.701449 3.564881 
Na -2.449806 1.954759 -2.397529 
Na -2.719634 -0.813685 4.664297 
Na 0.084477 4.499505 2.438943 
Na 0.509992 1.427310 -4.390476 
Na -3.457896 -3.879550 3.823558 
Na 5.013764 -0.859648 4.295573 
Na 2.178060 6.724829 1.295078 
Na -0.591624 -1.263332 6.061322 
Na 4.517634 -3.749568 -2.298326 
Na -4.891715 -4.454504 0.371217 
Na 2.564013 -1.469588 -3.174078 
Na -1.143622 -4.515929 0.622473 
Na 3.827256 1.580002 1.608345 
Na 0.965579 0.348271 -2.579675 
Na -1.656633 4.083418 -5.953157 
Na -2.300964 -2.255980 -6.321993 
Na -1.271870 -0.595998 -7.068049 
Na 0.996226 6.966134 -1.075845 
Na 5.397482 2.930327 0.925073 
Na 6.297302 -0.487406 -3.015349 
Na 5.074720 -1.962704 1.671681 
Na -5.706228 -0.145688 4.347454 
Na 0.532036 -5.394529 3.747996 
Cl 1.840120 1.657125 -0.746001 
Cl -4.969265 2.102535 0.361755 
Cl 3.725741 -2.392384 -5.835814 
Cl -4.400838 2.839326 -2.887476 
Cl 2.464787 1.001779 -6.547914 
Cl 6.678127 -2.897846 -1.024482 
Cl 0.313608 -2.444422 -4.005910 
Cl -1.643206 -6.415720 1.333610 
Cl 2.551864 -4.560010 -2.197443 
Cl 2.728174 1.365526 4.076064 
Cl -3.214958 5.428266 -0.564983 
Cl 2.814936 -1.206875 1.651624 
Cl 1.757727 -5.274323 1.357606 
Cl -4.928052 4.176391 -1.194741 
Cl -6.367275 -2.186393 2.282426 
Cl 3.770301 5.222489 2.672676 
Cl -2.153742 -2.635425 -1.728247 
Cl 0.147442 2.648852 -2.707107 
Cl 3.660828 -3.140485 4.556980 
Cl 2.293409 -3.159443 1.723185 
Cl 2.171389 1.574073 6.689954 
Cl 0.015394 2.425815 2.285109 
Cl -0.412569 5.077709 5.127352 
Cl -2.317562 -2.389266 2.240743 
Cl 6.945387 0.193186 0.697883 
Cl -4.069806 3.450789 3.786034 
Cl 3.152947 4.366496 -0.607454 
Cl 4.891664 4.562679 -2.175712 
Cl 4.890452 1.448064 4.498056 
Cl 1.178966 -0.654566 -5.758359 
Cl -2.451154 2.210118 0.465945 
Cl 0.594622 0.860271 1.059698 
Cl -2.659835 -3.089068 6.184555 
Cl -0.445509 -2.511043 1.075151 
Cl 0.385312 0.043766 3.647425 
Cl -1.023359 4.920755 -1.286787 
Cl -5.771851 -1.071782 -2.497609 
Cl -1.255529 0.563125 6.864924 
Cl -4.569987 5.356991 1.481836 
Cl 3.473017 -1.823092 6.108362 
Cl -2.672696 -4.512699 -1.047601 
Cl 3.127967 5.680154 -3.075661 
Cl 5.481288 2.394175 -3.254048 
Cl -2.808302 -4.113589 -5.577094 
Cl -5.675714 -3.942608 -2.506430 
Cl -5.585979 -0.676311 -4.696591 
Cl -3.120655 5.732521 -3.183263 
Cl -1.444751 1.365245 -5.267065 
Cl -0.471962 -5.347721 -5.050011 
Cl 2.225455 -6.373542 -0.842801 
