91

Na 1.0 -1.978488 -14.939666 -6.154100 
Na 1.0 -3.740246 14.035788 -6.393617 
Na 1.0 -7.573687 -9.648535 -5.614708 
Na 1.0 6.350155 -11.091547 14.004625 
Na 1.0 -0.814612 -16.136620 -9.890136 
Na 1.0 11.493258 0.556038 -14.132398 
Na 1.0 1.586813 -18.117448 2.918351 
Na 1.0 16.399313 -1.189482 2.996784 
Na 1.0 10.868476 -5.788859 -12.129073 
Na 1.0 -15.025140 -8.399573 1.036437 
Na 1.0 -10.512971 3.526740 10.887903 
Na 1.0 -2.123053 -7.148903 -16.795262 
Na 1.0 5.271367 -14.383444 8.006707 
Na 1.0 -7.607433 -13.241812 10.080179 
Na 1.0 12.929004 -4.254784 -5.893080 
Na 1.0 4.113262 -3.005516 16.334913 
Na 1.0 6.817999 6.788385 8.371398 
Na 1.0 0.010272 11.963516 -2.482303 
Na 1.0 -4.665796 11.839735 9.948417 
Na 1.0 -16.230334 6.499852 -6.647314 
Na 1.0 7.253482 -8.886886 9.847170 
Na 1.0 4.088394 17.431114 -2.864446 
Na 1.0 -7.040208 10.817230 3.827704 
Na 1.0 4.860934 -8.672498 -3.708780 
Na 1.0 -17.121370 -0.655519 -3.055547 
Na 1.0 1.912196 14.178685 -10.715812 
Na 1.0 -7.639387 -5.218500 -13.854436 
Na 1.0 -15.407643 -6.135933 -5.100494 
Na 1.0 9.670124 13.549961 -5.304582 
Na 1.0 3.000412 -7.389479 -16.424069 
Cl -1.0 -15.954518 -0.714833 -0.033188 
Cl -1.0 0.627933 15.602605 6.263292 
Cl -1.0 -5.024051 3.923421 -14.491161 
Cl -1.0 3.362958 14.911417 3.596459 
Cl -1.0 -7.842611 -1.588171 15.706980 
Cl -1.0 -4.766680 -12.442195 -7.090142 
Cl -1.0 11.673318 -8.896713 11.695025 
Cl -1.0 -7.859870 11.231220 7.797630 
Cl -1.0 17.903422 -4.058543 -5.929641 
Cl -1.0 -8.273120 10.102460 7.921865 
Cl -1.0 14.573430 -6.034582 3.333282 
Cl -1.0 -1.330111 5.622807 -17.754889 
Cl -1.0 7.286727 12.529446 -0.093797 
Cl -1.0 -0.518249 -14.830424 -8.362577 
Cl -1.0 1.349740 1.789673 -17.574008 
Cl -1.0 4.013372 -14.324002 8.660538 
Cl -1.0 10.740045 -3.097123 -0.737002 
Cl -1.0 -0.838090 -8.023692 12.728416 
Cl -1.0 -6.456781 12.309793 -7.263204 
Cl -1.0 12.949422 -7.708456 -2.593628 
Cl -1.0 -14.913155 -0.429075 0.479370 
Cl -1.0 1.897008 6.144160 -13.097003 
Cl -1.0 -8.249298 -5.138903 -4.876293 
Cl -1.0 11.730072 -12.973178 -3.955627 
Cl -1.0 0.717165 -13.057403 -2.709054 
Cl -1.0 -13.354456 -11.157219 0.572555 
Cl -1.0 0.358226 4.294645 -12.328365 
Cl -1.0 -4.088993 15.545347 2.032732 
Cl -1.0 10.534714 7.775418 8.559554 
Cl -1.0 -12.920914 2.274532 9.178094 
Cl -1.0 9.073566 0.129755 -14.233264 
Cl -1.0 -8.722910 -13.935262 8.660373 
Cl -1.0 9.026729 6.281904 15.102971 
Cl -1.0 6.890231 9.524436 13.896066 
Cl -1.0 4.287615 -9.617338 -1.309290 
Cl -1.0 11.459250 5.793669 -5.263943 
Cl -1.0 -6.008018 -3.171617 -16.988525 
Cl -1.0 -16.948464 3.407469 4.786007 
Cl -1.0 -10.309993 -10.987629 8.481145 
Cl -1.0 11.795168 -3.965379 -11.902405 
Cl -1.0 5.221935 1.485853 -9.280354 
Cl -1.0 7.733410 4.037389 13.627115 
Cl -1.0 -6.980583 -3.732981 -17.211169 
Cl -1.0 7.203620 7.730677 -12.924416 
Cl -1.0 -17.033331 1.684028 -8.567640 
Cl -1.0 -9.342835 -0.416870 -16.820634 
Cl -1.0 -11.627902 -8.121702 -1.286012 
Cl -1.0 0.080602 15.319520 11.731102 
Cl -1.0 -5.792282 -11.161063 -11.501879 
Cl -1.0 5.057143 -9.428898 -13.700616 
Cl -1.0 11.632727 -6.962229 7.483412 
Cl -1.0 -13.755547 11.067034 -1.055160 
Cl -1.0 -8.833700 -3.102318 -10.604874 
Cl -1.0 -8.908885 -8.813998 -6.446416 
Cl -1.0 -0.910765 7.182550 17.198589 
Cl -1.0 5.346353 8.760353 10.637172 
Cl -1.0 11.145738 0.893080 -15.825057 
Cl -1.0 6.195692 9.702620 -1.563087 
Cl -1.0 -14.359468 -5.338939 5.473639 
Cl -1.0 0.559319 -4.721511 -9.464393 
Cla 30.0 0.000000 0.000000 0.000000 
